Feature_ID rs_ID Chromosome SNP_position Ref Alt Allele_freq HWE_Chi-square Imputation_quality_score Log_10_Benjamini-Hochberg_Q-value Chi_square Effect_size_Pi Sequencing_error_rate Reference_allele_mapping_bias_Phi Overdispersion SNP_ID_within_the_region No_of_feature_SNPs No_of_tested_SNPs No_of_iterations_for_null_hypothesis No_of_iterations_for_alternative_hypothesis Random_location_of_ties Log_likelihood_of_the_null_hypothesis Convergence_status Squared_correlation_between_prior_and_posterior_genotypes_fSNPs Squared_correlation_between_prior_and_posterior_genotypes_rSNP
MT:15244:15644	SKIPPED		-1	N	N	-1.0	-1.0	-1.0	0.0	0.0	-1.0	-1.0	-1.0	-1.0	-1.0	0	0	-1	-1	-1	0.0	0	-1.0	-1.0
MT:2612:3012	SKIPPED		-1	N	N	-1.0	-1.0	-1.0	0.0	0.0	-1.0	-1.0	-1.0	-1.0	-1.0	0	0	-1	-1	-1	0.0	0	-1.0	-1.0
KI270729.1:10861:11261	SKIPPED		-1	N	N	-1.0	-1.0	-1.0	0.0	0.0	-1.0	-1.0	-1.0	-1.0	-1.0	0	0	-1	-1	-1	0.0	0	-1.0	-1.0
KI270465.1:799:1199	SKIPPED		-1	N	N	-1.0	-1.0	-1.0	0.0	0.0	-1.0	-1.0	-1.0	-1.0	-1.0	0	0	-1	-1	-1	0.0	0	-1.0	-1.0
KI270729.1:2308:2708	SKIPPED		-1	N	N	-1.0	-1.0	-1.0	0.0	0.0	-1.0	-1.0	-1.0	-1.0	-1.0	0	0	-1	-1	-1	0.0	0	-1.0	-1.0
GL000224.1:2122:2522	SKIPPED		-1	N	N	-1.0	-1.0	-1.0	0.0	0.0	-1.0	-1.0	-1.0	-1.0	-1.0	0	0	-1	-1	-1	0.0	0	-1.0	-1.0
GL000225.1:25546:25946	SKIPPED		-1	N	N	-1.0	-1.0	-1.0	0.0	0.0	-1.0	-1.0	-1.0	-1.0	-1.0	0	0	-1	-1	-1	0.0	0	-1.0	-1.0
KI270538.1:88611:89011	SKIPPED		-1	N	N	-1.0	-1.0	-1.0	0.0	0.0	-1.0	-1.0	-1.0	-1.0	-1.0	0	0	-1	-1	-1	0.0	0	-1.0	-1.0
KI270728.1:1791655:1792055	SKIPPED		-1	N	N	-1.0	-1.0	-1.0	0.0	0.0	-1.0	-1.0	-1.0	-1.0	-1.0	0	0	-1	-1	-1	0.0	0	-1.0	-1.0
KI270337.1:242:642	SKIPPED		-1	N	N	-1.0	-1.0	-1.0	0.0	0.0	-1.0	-1.0	-1.0	-1.0	-1.0	0	0	-1	-1	-1	0.0	0	-1.0	-1.0
KI270517.1:2306:2706	SKIPPED		-1	N	N	-1.0	-1.0	-1.0	0.0	0.0	-1.0	-1.0	-1.0	-1.0	-1.0	0	0	-1	-1	-1	0.0	0	-1.0	-1.0
KI270438.1:109404:109804	SKIPPED		-1	N	N	-1.0	-1.0	-1.0	0.0	0.0	-1.0	-1.0	-1.0	-1.0	-1.0	0	0	-1	-1	-1	0.0	0	-1.0	-1.0
GL000008.2:2653:3053	SKIPPED		-1	N	N	-1.0	-1.0	-1.0	0.0	0.0	-1.0	-1.0	-1.0	-1.0	-1.0	0	0	-1	-1	-1	0.0	0	-1.0	-1.0
KI270336.1:235:635	SKIPPED		-1	N	N	-1.0	-1.0	-1.0	0.0	0.0	-1.0	-1.0	-1.0	-1.0	-1.0	0	0	-1	-1	-1	0.0	0	-1.0	-1.0
GL000225.1:117271:117671	SKIPPED		-1	N	N	-1.0	-1.0	-1.0	0.0	0.0	-1.0	-1.0	-1.0	-1.0	-1.0	0	0	-1	-1	-1	0.0	0	-1.0	-1.0
KI270538.1:40080:40480	SKIPPED		-1	N	N	-1.0	-1.0	-1.0	0.0	0.0	-1.0	-1.0	-1.0	-1.0	-1.0	0	0	-1	-1	-1	0.0	0	-1.0	-1.0
GL000225.1:85483:85883	SKIPPED		-1	N	N	-1.0	-1.0	-1.0	0.0	0.0	-1.0	-1.0	-1.0	-1.0	-1.0	0	0	-1	-1	-1	0.0	0	-1.0	-1.0
GL000225.1:67337:67737	SKIPPED		-1	N	N	-1.0	-1.0	-1.0	0.0	0.0	-1.0	-1.0	-1.0	-1.0	-1.0	0	0	-1	-1	-1	0.0	0	-1.0	-1.0
KI270442.1:92000:92400	SKIPPED		-1	N	N	-1.0	-1.0	-1.0	0.0	0.0	-1.0	-1.0	-1.0	-1.0	-1.0	0	0	-1	-1	-1	0.0	0	-1.0	-1.0
KI270744.1:108044:108444	SKIPPED		-1	N	N	-1.0	-1.0	-1.0	0.0	0.0	-1.0	-1.0	-1.0	-1.0	-1.0	0	0	-1	-1	-1	0.0	0	-1.0	-1.0
KI270438.1:21290:21690	SKIPPED		-1	N	N	-1.0	-1.0	-1.0	0.0	0.0	-1.0	-1.0	-1.0	-1.0	-1.0	0	0	-1	-1	-1	0.0	0	-1.0	-1.0
GL000224.1:3696:4096	SKIPPED		-1	N	N	-1.0	-1.0	-1.0	0.0	0.0	-1.0	-1.0	-1.0	-1.0	-1.0	0	0	-1	-1	-1	0.0	0	-1.0	-1.0
KI270467.1:3267:3667	SKIPPED		-1	N	N	-1.0	-1.0	-1.0	0.0	0.0	-1.0	-1.0	-1.0	-1.0	-1.0	0	0	-1	-1	-1	0.0	0	-1.0	-1.0
KI270709.1:14219:14619	SKIPPED		-1	N	N	-1.0	-1.0	-1.0	0.0	0.0	-1.0	-1.0	-1.0	-1.0	-1.0	0	0	-1	-1	-1	0.0	0	-1.0	-1.0
KI270438.1:103904:104304	SKIPPED		-1	N	N	-1.0	-1.0	-1.0	0.0	0.0	-1.0	-1.0	-1.0	-1.0	-1.0	0	0	-1	-1	-1	0.0	0	-1.0	-1.0
KI270438.1:111952:112352	SKIPPED		-1	N	N	-1.0	-1.0	-1.0	0.0	0.0	-1.0	-1.0	-1.0	-1.0	-1.0	0	0	-1	-1	-1	0.0	0	-1.0	-1.0
KI270538.1:83622:84022	SKIPPED		-1	N	N	-1.0	-1.0	-1.0	0.0	0.0	-1.0	-1.0	-1.0	-1.0	-1.0	0	0	-1	-1	-1	0.0	0	-1.0	-1.0
KI270590.1:2227:2627	SKIPPED		-1	N	N	-1.0	-1.0	-1.0	0.0	0.0	-1.0	-1.0	-1.0	-1.0	-1.0	0	0	-1	-1	-1	0.0	0	-1.0	-1.0
GL000216.2:167672:168072	SKIPPED		-1	N	N	-1.0	-1.0	-1.0	0.0	0.0	-1.0	-1.0	-1.0	-1.0	-1.0	0	0	-1	-1	-1	0.0	0	-1.0	-1.0
KI270709.1:7308:7708	SKIPPED		-1	N	N	-1.0	-1.0	-1.0	0.0	0.0	-1.0	-1.0	-1.0	-1.0	-1.0	0	0	-1	-1	-1	0.0	0	-1.0	-1.0
KI270711.1:8800:9200	SKIPPED		-1	N	N	-1.0	-1.0	-1.0	0.0	0.0	-1.0	-1.0	-1.0	-1.0	-1.0	0	0	-1	-1	-1	0.0	0	-1.0	-1.0
KI270466.1:752:1152	SKIPPED		-1	N	N	-1.0	-1.0	-1.0	0.0	0.0	-1.0	-1.0	-1.0	-1.0	-1.0	0	0	-1	-1	-1	0.0	0	-1.0	-1.0
GL000225.1:110369:110769	SKIPPED		-1	N	N	-1.0	-1.0	-1.0	0.0	0.0	-1.0	-1.0	-1.0	-1.0	-1.0	0	0	-1	-1	-1	0.0	0	-1.0	-1.0
KI270516.1:418:818	SKIPPED		-1	N	N	-1.0	-1.0	-1.0	0.0	0.0	-1.0	-1.0	-1.0	-1.0	-1.0	0	0	-1	-1	-1	0.0	0	-1.0	-1.0
GL000225.1:133555:133955	SKIPPED		-1	N	N	-1.0	-1.0	-1.0	0.0	0.0	-1.0	-1.0	-1.0	-1.0	-1.0	0	0	-1	-1	-1	0.0	0	-1.0	-1.0
KI270333.1:873:1273	SKIPPED		-1	N	N	-1.0	-1.0	-1.0	0.0	0.0	-1.0	-1.0	-1.0	-1.0	-1.0	0	0	-1	-1	-1	0.0	0	-1.0	-1.0
GL000216.2:173735:174135	SKIPPED		-1	N	N	-1.0	-1.0	-1.0	0.0	0.0	-1.0	-1.0	-1.0	-1.0	-1.0	0	0	-1	-1	-1	0.0	0	-1.0	-1.0
KI270538.1:81137:81537	SKIPPED		-1	N	N	-1.0	-1.0	-1.0	0.0	0.0	-1.0	-1.0	-1.0	-1.0	-1.0	0	0	-1	-1	-1	0.0	0	-1.0	-1.0
KI270736.1:166578:166978	SKIPPED		-1	N	N	-1.0	-1.0	-1.0	0.0	0.0	-1.0	-1.0	-1.0	-1.0	-1.0	0	0	-1	-1	-1	0.0	0	-1.0	-1.0
KI270544.1:716:1116	SKIPPED		-1	N	N	-1.0	-1.0	-1.0	0.0	0.0	-1.0	-1.0	-1.0	-1.0	-1.0	0	0	-1	-1	-1	0.0	0	-1.0	-1.0
GL000225.1:70703:71103	SKIPPED		-1	N	N	-1.0	-1.0	-1.0	0.0	0.0	-1.0	-1.0	-1.0	-1.0	-1.0	0	0	-1	-1	-1	0.0	0	-1.0	-1.0
KI270744.1:120520:120920	SKIPPED		-1	N	N	-1.0	-1.0	-1.0	0.0	0.0	-1.0	-1.0	-1.0	-1.0	-1.0	0	0	-1	-1	-1	0.0	0	-1.0	-1.0
KI270736.1:180714:181114	SKIPPED		-1	N	N	-1.0	-1.0	-1.0	0.0	0.0	-1.0	-1.0	-1.0	-1.0	-1.0	0	0	-1	-1	-1	0.0	0	-1.0	-1.0
GL000214.1:131567:131967	SKIPPED		-1	N	N	-1.0	-1.0	-1.0	0.0	0.0	-1.0	-1.0	-1.0	-1.0	-1.0	0	0	-1	-1	-1	0.0	0	-1.0	-1.0
KI270330.1:1108:1508	SKIPPED		-1	N	N	-1.0	-1.0	-1.0	0.0	0.0	-1.0	-1.0	-1.0	-1.0	-1.0	0	0	-1	-1	-1	0.0	0	-1.0	-1.0
KI270744.1:111013:111413	SKIPPED		-1	N	N	-1.0	-1.0	-1.0	0.0	0.0	-1.0	-1.0	-1.0	-1.0	-1.0	0	0	-1	-1	-1	0.0	0	-1.0	-1.0
KI270509.1:275:675	SKIPPED		-1	N	N	-1.0	-1.0	-1.0	0.0	0.0	-1.0	-1.0	-1.0	-1.0	-1.0	0	0	-1	-1	-1	0.0	0	-1.0	-1.0
1:2653852:2654252	SKIPPED		-1	N	N	-1.0	-1.0	-1.0	0.0	0.0	-1.0	-1.0	-1.0	-1.0	-1.0	0	0	-1	-1	-1	0.0	0	-1.0	-1.0
1:144104224:144104624	SKIPPED		-1	N	N	-1.0	-1.0	-1.0	0.0	0.0	-1.0	-1.0	-1.0	-1.0	-1.0	0	0	-1	-1	-1	0.0	0	-1.0	-1.0
GL000225.1:56035:56435	SKIPPED		-1	N	N	-1.0	-1.0	-1.0	0.0	0.0	-1.0	-1.0	-1.0	-1.0	-1.0	0	0	-1	-1	-1	0.0	0	-1.0	-1.0
GL000220.1:142711:143111	SKIPPED		-1	N	N	-1.0	-1.0	-1.0	0.0	0.0	-1.0	-1.0	-1.0	-1.0	-1.0	0	0	-1	-1	-1	0.0	0	-1.0	-1.0
KI270757.1:51401:51801	SKIPPED		-1	N	N	-1.0	-1.0	-1.0	0.0	0.0	-1.0	-1.0	-1.0	-1.0	-1.0	0	0	-1	-1	-1	0.0	0	-1.0	-1.0
1:121396384:121396784	SKIPPED		-1	N	N	-1.0	-1.0	-1.0	0.0	0.0	-1.0	-1.0	-1.0	-1.0	-1.0	0	0	-1	-1	-1	0.0	0	-1.0	-1.0
GL000220.1:138213:138613	SKIPPED		-1	N	N	-1.0	-1.0	-1.0	0.0	0.0	-1.0	-1.0	-1.0	-1.0	-1.0	0	0	-1	-1	-1	0.0	0	-1.0	-1.0
GL000216.2:309:709	SKIPPED		-1	N	N	-1.0	-1.0	-1.0	0.0	0.0	-1.0	-1.0	-1.0	-1.0	-1.0	0	0	-1	-1	-1	0.0	0	-1.0	-1.0
KI270538.1:53579:53979	SKIPPED		-1	N	N	-1.0	-1.0	-1.0	0.0	0.0	-1.0	-1.0	-1.0	-1.0	-1.0	0	0	-1	-1	-1	0.0	0	-1.0	-1.0
KI270724.1:587:987	SKIPPED		-1	N	N	-1.0	-1.0	-1.0	0.0	0.0	-1.0	-1.0	-1.0	-1.0	-1.0	0	0	-1	-1	-1	0.0	0	-1.0	-1.0
GL000216.2:5810:6210	SKIPPED		-1	N	N	-1.0	-1.0	-1.0	0.0	0.0	-1.0	-1.0	-1.0	-1.0	-1.0	0	0	-1	-1	-1	0.0	0	-1.0	-1.0
GL000225.1:167526:167926	SKIPPED		-1	N	N	-1.0	-1.0	-1.0	0.0	0.0	-1.0	-1.0	-1.0	-1.0	-1.0	0	0	-1	-1	-1	0.0	0	-1.0	-1.0
KI270589.1:14731:15131	SKIPPED		-1	N	N	-1.0	-1.0	-1.0	0.0	0.0	-1.0	-1.0	-1.0	-1.0	-1.0	0	0	-1	-1	-1	0.0	0	-1.0	-1.0
GL000225.1:131497:131897	SKIPPED		-1	N	N	-1.0	-1.0	-1.0	0.0	0.0	-1.0	-1.0	-1.0	-1.0	-1.0	0	0	-1	-1	-1	0.0	0	-1.0	-1.0
KI270728.1:232524:232924	SKIPPED		-1	N	N	-1.0	-1.0	-1.0	0.0	0.0	-1.0	-1.0	-1.0	-1.0	-1.0	0	0	-1	-1	-1	0.0	0	-1.0	-1.0
KI270310.1:411:811	SKIPPED		-1	N	N	-1.0	-1.0	-1.0	0.0	0.0	-1.0	-1.0	-1.0	-1.0	-1.0	0	0	-1	-1	-1	0.0	0	-1.0	-1.0
KI270733.1:135659:136059	SKIPPED		-1	N	N	-1.0	-1.0	-1.0	0.0	0.0	-1.0	-1.0	-1.0	-1.0	-1.0	0	0	-1	-1	-1	0.0	0	-1.0	-1.0
GL000220.1:119685:120085	SKIPPED		-1	N	N	-1.0	-1.0	-1.0	0.0	0.0	-1.0	-1.0	-1.0	-1.0	-1.0	0	0	-1	-1	-1	0.0	0	-1.0	-1.0
KI270751.1:149828:150228	SKIPPED		-1	N	N	-1.0	-1.0	-1.0	0.0	0.0	-1.0	-1.0	-1.0	-1.0	-1.0	0	0	-1	-1	-1	0.0	0	-1.0	-1.0
GL000225.1:33519:33919	SKIPPED		-1	N	N	-1.0	-1.0	-1.0	0.0	0.0	-1.0	-1.0	-1.0	-1.0	-1.0	0	0	-1	-1	-1	0.0	0	-1.0	-1.0
GL000225.1:13939:14339	SKIPPED		-1	N	N	-1.0	-1.0	-1.0	0.0	0.0	-1.0	-1.0	-1.0	-1.0	-1.0	0	0	-1	-1	-1	0.0	0	-1.0	-1.0
GL000216.2:149331:149731	SKIPPED		-1	N	N	-1.0	-1.0	-1.0	0.0	0.0	-1.0	-1.0	-1.0	-1.0	-1.0	0	0	-1	-1	-1	0.0	0	-1.0	-1.0
GL000216.2:14281:14681	SKIPPED		-1	N	N	-1.0	-1.0	-1.0	0.0	0.0	-1.0	-1.0	-1.0	-1.0	-1.0	0	0	-1	-1	-1	0.0	0	-1.0	-1.0
KI270435.1:91976:92376	SKIPPED		-1	N	N	-1.0	-1.0	-1.0	0.0	0.0	-1.0	-1.0	-1.0	-1.0	-1.0	0	0	-1	-1	-1	0.0	0	-1.0	-1.0
KI270733.1:158522:158922	SKIPPED		-1	N	N	-1.0	-1.0	-1.0	0.0	0.0	-1.0	-1.0	-1.0	-1.0	-1.0	0	0	-1	-1	-1	0.0	0	-1.0	-1.0
KI270733.1:168670:169070	SKIPPED		-1	N	N	-1.0	-1.0	-1.0	0.0	0.0	-1.0	-1.0	-1.0	-1.0	-1.0	0	0	-1	-1	-1	0.0	0	-1.0	-1.0
KI270709.1:3773:4173	SKIPPED		-1	N	N	-1.0	-1.0	-1.0	0.0	0.0	-1.0	-1.0	-1.0	-1.0	-1.0	0	0	-1	-1	-1	0.0	0	-1.0	-1.0
KI270733.1:164922:165322	SKIPPED		-1	N	N	-1.0	-1.0	-1.0	0.0	0.0	-1.0	-1.0	-1.0	-1.0	-1.0	0	0	-1	-1	-1	0.0	0	-1.0	-1.0
6:28982020:28982420	rs41268026	6	28986241	AT	A	0.617021	0.304267	1.000000	-0.1656919051	2.7443007604	0.566186	0.010000	0.500000	6.328083	8.213646	0	33	4	4	28986241	0.448477	0	nan	0.990832
GL000225.1:50613:51013	SKIPPED		-1	N	N	-1.0	-1.0	-1.0	0.0	0.0	-1.0	-1.0	-1.0	-1.0	-1.0	0	0	-1	-1	-1	0.0	0	-1.0	-1.0
KI270435.1:1403:1803	SKIPPED		-1	N	N	-1.0	-1.0	-1.0	0.0	0.0	-1.0	-1.0	-1.0	-1.0	-1.0	0	0	-1	-1	-1	0.0	0	-1.0	-1.0
KI270508.1:1173:1573	SKIPPED		-1	N	N	-1.0	-1.0	-1.0	0.0	0.0	-1.0	-1.0	-1.0	-1.0	-1.0	0	0	-1	-1	-1	0.0	0	-1.0	-1.0
KI270729.1:27606:28006	SKIPPED		-1	N	N	-1.0	-1.0	-1.0	0.0	0.0	-1.0	-1.0	-1.0	-1.0	-1.0	0	0	-1	-1	-1	0.0	0	-1.0	-1.0
KI270713.1:21604:22004	SKIPPED		-1	N	N	-1.0	-1.0	-1.0	0.0	0.0	-1.0	-1.0	-1.0	-1.0	-1.0	0	0	-1	-1	-1	0.0	0	-1.0	-1.0

KI270438.1:706:1106	SKIPPED		-1	N	N	-1.0	-1.0	-1.0	0.0	0.0	-1.0	-1.0	-1.0	-1.0	-1.0	0	0	-1	-1	-1	0.0	0	-1.0	-1.0
KI270743.1:151775:152175	SKIPPED		-1	N	N	-1.0	-1.0	-1.0	0.0	0.0	-1.0	-1.0	-1.0	-1.0	-1.0	0	0	-1	-1	-1	0.0	0	-1.0	-1.0
KI270734.1:121348:121748	SKIPPED		-1	N	N	-1.0	-1.0	-1.0	0.0	0.0	-1.0	-1.0	-1.0	-1.0	-1.0	0	0	-1	-1	-1	0.0	0	-1.0	-1.0
17:8186804:8187204	rs4792722	17	8186138	G	A	0.734043	0.254758	1.000000	-0.5477496652	3.3115431721	0.431158	0.010000	0.500000	7.048698	8.299303	0	15	4	4	8183883	0.598722	0	nan	0.990497
KI270733.1:138178:138578	SKIPPED		-1	N	N	-1.0	-1.0	-1.0	0.0	0.0	-1.0	-1.0	-1.0	-1.0	-1.0	0	0	-1	-1	-1	0.0	0	-1.0	-1.0
KI270733.1:174974:175374	SKIPPED		-1	N	N	-1.0	-1.0	-1.0	0.0	0.0	-1.0	-1.0	-1.0	-1.0	-1.0	0	0	-1	-1	-1	0.0	0	-1.0	-1.0
1:161530598:161530998	rs79522805	1	161531338	T	G	0.925532	0.304267	1.000000	-0.0538318726	2.7352200285	0.398591	0.010000	0.500000	7.911958	8.426098	0	18	5	3	161531338	0.745081	0	nan	0.969084
14:20632907:20633307	rs6574204	14	20633541	T	G	0.904255	0.526920	1.000000	-0.2955144836	1.7558433539	0.417494	0.010000	0.500000	7.369999	8.388694	0	21	4	3	20635729	0.313423	0	nan	0.974581
GL000216.2:159048:159448	SKIPPED		-1	N	N	-1.0	-1.0	-1.0	0.0	0.0	-1.0	-1.0	-1.0	-1.0	-1.0	0	0	-1	-1	-1	0.0	0	-1.0	-1.0
17:31549918:31550318	rs78733243	17	31547667	A	AC	0.819149	2.290943	1.000000	-0.2199185101	2.7780272584	0.589869	0.010000	0.500000	5.896118	8.131672	0	23	4	4	31552697	0.827781	0	nan	0.982846
KI270580.1:546:946	SKIPPED		-1	N	N	-1.0	-1.0	-1.0	0.0	0.0	-1.0	-1.0	-1.0	-1.0	-1.0	0	0	-1	-1	-1	0.0	0	-1.0	-1.0
8:66113228:66113628	rs7837775	8	66115020	A	C	0.617021	3.676737	1.000000	-0.0044513007	0.1906717132	0.485152	0.010000	0.500000	6.187589	8.244202	0	30	3	2	66115020	-0.985846	0	nan	0.993399
1:93847416:93847816	rs1648333	1	93847191	A	T	0.734043	0.058773	1.000000	-0.7360459189	5.8754691917	0.601705	0.010000	0.500000	6.420250	8.153790	0	25	4	4	93847190	2.066751	0	nan	0.989432
1:161523705:161524105	rs12131862	1	161521731	C	T	0.925532	0.304267	1.000000	-0.2080161644	2.7352200285	0.398591	0.010000	0.500000	7.911958	8.426098	0	20	5	5	161521731	0.745081	0	nan	0.969084
2:27050679:27051079	rs199714805	2	27050509	G	GA	0.861702	0.015302	1.000000	-0.0468862618	4.9436764454	0.613865	0.010000	0.500000	5.950947	8.087528	0	41	4	2	27050509	1.849583	0	nan	0.983668
20:29885508:29885908	rs13433373	20	29884539	G	A	0.797872	0.692724	1.000000	-0.0158893201	0.5778462443	0.464682	0.010000	0.500000	6.470521	8.279740	0	28	3	3	29881117	-0.508577	0	nan	0.985991
16:14285740:14286140	rs72785422	16	14288564	C	T	0.872340	0.093975	1.000000	-0.0731738360	1.4212148345	0.438446	0.010000	0.500000	6.962950	8.336520	0	11	4	3	14288564	-0.018868	0	nan	0.982978
KI270518.1:1020:1420	SKIPPED		-1	N	N	-1.0	-1.0	-1.0	0.0	0.0	-1.0	-1.0	-1.0	-1.0	-1.0	0	0	-1	-1	-1	0.0	0	-1.0	-1.0
1:2655704:2656104	SKIPPED		-1	N	N	-1.0	-1.0	-1.0	0.0	0.0	-1.0	-1.0	-1.0	-1.0	-1.0	0	0	-1	-1	-1	0.0	0	-1.0	-1.0
20:29891539:29891939	rs6061150	20	29889330	T	C	0.797872	0.692724	1.000000	-0.0435793728	0.5778462443	0.464682	0.010000	0.500000	6.470521	8.279740	0	19	3	3	29889330	-0.508577	0	nan	0.985991
1:248873868:248874268	rs12568427	1	248874523	A	G	0.829787	0.139536	1.000000	-0.2154327702	0.4537069585	0.533974	0.010000	0.500000	5.926746	8.194826	0	33	3	3	248871468	-0.425628	0	nan	0.985146
17:8221870:8222270	rs62064282	17	8217164	A	G	0.946809	0.148340	1.000000	-0.6182954457	6.5530038040	0.332438	0.010000	0.500000	10.353142	8.595560	0	23	5	5	8217164	2.594793	0	nan	0.959096
1:144883093:144883493	SKIPPED		-1	N	N	-1.0	-1.0	-1.0	0.0	0.0	-1.0	-1.0	-1.0	-1.0	-1.0	0	0	-1	-1	-1	0.0	0	-1.0	-1.0
5:140726010:140726410	rs6580185	5	140722130	C	G	0.776596	0.084497	1.000000	-0.2321733378	2.2043783545	0.565696	0.010000	0.500000	6.016089	8.172199	0	18	4	2	140722130	0.315826	0	nan	0.988034
1:146035529:146035929	SKIPPED		-1	N	N	-1.0	-1.0	-1.0	0.0	0.0	-1.0	-1.0	-1.0	-1.0	-1.0	0	0	-1	-1	-1	0.0	0	-1.0	-1.0
17:82494552:82494952	SKIPPED		-1	N	N	-1.0	-1.0	-1.0	0.0	0.0	-1.0	-1.0	-1.0	-1.0	-1.0	0	0	-1	-1	-1	0.0	0	-1.0	-1.0
5:140711121:140711521	rs62378405	5	140716093	A	G	0.808511	0.067910	1.000000	-0.4467210072	3.8687418110	0.414739	0.010000	0.500000	7.479025	8.350457	0	14	5	4	140716093	0.980958	0	nan	0.987633
8:123157056:123157456	rs12542596	8	123156649	A	G	0.904255	0.919481	1.000000	-0.0165378063	0.0605369114	0.514879	0.010000	0.500000	5.988587	8.211970	0	5	3	3	123153680	-0.452539	0	nan	0.979979
11:59550602:59551002	rs572072	11	59555985	G	C	0.851064	0.002398	1.000000	-0.1173816732	1.7081114973	0.563749	0.010000	0.500000	5.860212	8.156812	0	24	4	3	59555985	0.180127	0	nan	0.984249
16:87383869:87384269	rs11648756	16	87381750	C	A	0.851064	1.213967	1.000000	-0.0565691228	2.8195847087	0.581141	0.010000	0.500000	5.898267	8.126008	0	27	4	4	87381750	0.718472	0	nan	0.986503
1:153671104:153671504	1:153668613:A	1	153668613	AT	A	0.946809	0.148340	1.000000	-0.1218720860	1.3400648994	0.579296	0.010000	0.500000	5.571491	8.107234	0	21	4	3	153668613	0.357790	0	nan	0.959096
17:49192305:49192705	rs1005513	17	49196918	C	T	0.670213	1.942113	1.000000	-0.2825322079	1.8642719924	0.442287	0.010000	0.500000	6.648933	8.279785	0	15	4	2	49187703	0.023377	0	nan	0.988705
2:156400763:156401163	rs2135261	2	156401338	A	T	0.829787	1.977646	1.000000	-0.2726319975	2.9771852889	0.414868	0.010000	0.500000	7.391749	8.356426	0	28	5	3	156396079	0.670059	0	nan	0.982369
GL000214.1:136471:136871	SKIPPED		-1	N	N	-1.0	-1.0	-1.0	0.0	0.0	-1.0	-1.0	-1.0	-1.0	-1.0	0	0	-1	-1	-1	0.0	0	-1.0	-1.0
19:1021347:1021747	rs8100672	19	1021637	T	C	0.712766	0.007598	1.000000	-0.6228242178	6.9591011091	0.398375	0.010000	0.500000	7.859443	8.334664	0	49	5	4	1021637	2.376543	0	nan	0.990394
14:20625230:20625630	rs140962885	14	20620309	C	A	0.882979	0.253108	1.000000	-0.3343743872	1.8403034736	0.427282	0.010000	0.500000	7.189721	8.362954	0	14	4	4	20620309	0.215461	0	nan	0.982156
KI270442.1:247885:248285	SKIPPED		-1	N	N	-1.0	-1.0	-1.0	0.0	0.0	-1.0	-1.0	-1.0	-1.0	-1.0	0	0	-1	-1	-1	0.0	0	-1.0	-1.0
10:67764328:67764728	rs75208356	10	67768125	A	T	0.882979	0.825519	1.000000	-0.2249526070	4.1563970634	0.618190	0.010000	0.500000	5.776588	8.076592	0	34	4	4	67768125	1.607635	0	nan	0.977990
13:44917772:44918172	rs78915194	13	44914834	G	T	0.904255	0.526920	1.000000	-0.0661834176	1.9206120723	0.421013	0.010000	0.500000	7.345116	8.371529	0	16	4	4	44914834	0.297629	0	nan	0.974581
KI270538.1:72397:72797	SKIPPED		-1	N	N	-1.0	-1.0	-1.0	0.0	0.0	-1.0	-1.0	-1.0	-1.0	-1.0	0	0	-1	-1	-1	0.0	0	-1.0	-1.0
KI270507.1:569:969	SKIPPED		-1	N	N	-1.0	-1.0	-1.0	0.0	0.0	-1.0	-1.0	-1.0	-1.0	-1.0	0	0	-1	-1	-1	0.0	0	-1.0	-1.0
GL000224.1:162039:162439	SKIPPED		-1	N	N	-1.0	-1.0	-1.0	0.0	0.0	-1.0	-1.0	-1.0	-1.0	-1.0	0	0	-1	-1	-1	0.0	0	-1.0	-1.0
KI270757.1:59854:60254	SKIPPED		-1	N	N	-1.0	-1.0	-1.0	0.0	0.0	-1.0	-1.0	-1.0	-1.0	-1.0	0	0	-1	-1	-1	0.0	0	-1.0	-1.0
KI270757.1:15285:15685	SKIPPED		-1	N	N	-1.0	-1.0	-1.0	0.0	0.0	-1.0	-1.0	-1.0	-1.0	-1.0	0	0	-1	-1	-1	0.0	0	-1.0	-1.0
14:20681529:20681929	rs10149985	14	20680601	C	T	0.808511	0.067910	1.000000	-0.1792872460	2.6493520663	0.573807	0.010000	0.500000	5.981842	8.153626	0	85	4	4	20680601	0.566626	0	nan	0.987633
17:75034542:75034942	rs628018	17	75039295	T	C	0.734043	0.254758	1.000000	-0.2944874074	5.8248903182	0.408353	0.010000	0.500000	7.636811	8.332132	0	42	5	3	75039295	1.813646	0	nan	0.990497
KI270712.1:29741:30141	SKIPPED		-1	N	N	-1.0	-1.0	-1.0	0.0	0.0	-1.0	-1.0	-1.0	-1.0	-1.0	0	0	-1	-1	-1	0.0	0	-1.0	-1.0
1:161399545:161399945	rs112437409	1	161404131	A	G	0.925532	0.304267	1.000000	-0.3661845314	3.9894320956	0.375156	0.010000	0.500000	8.591714	8.481638	0	21	4	3	161404131	1.353794	0	nan	0.969084


GL000194.1:190104:190504	SKIPPED		-1	N	N	-1.0	-1.0	-1.0	0.0	0.0	-1.0	-1.0	-1.0	-1.0	-1.0	0	0	-1	-1	-1	0.0	0	-1.0	-1.0
KI270733.1:129889:130289	SKIPPED		-1	N	N	-1.0	-1.0	-1.0	0.0	0.0	-1.0	-1.0	-1.0	-1.0	-1.0	0	0	-1	-1	-1	0.0	0	-1.0	-1.0
GL000225.1:92720:93120	SKIPPED		-1	N	N	-1.0	-1.0	-1.0	0.0	0.0	-1.0	-1.0	-1.0	-1.0	-1.0	0	0	-1	-1	-1	0.0	0	-1.0	-1.0
6:28729121:28729521	rs1233601	6	28733212	A	G	0.510638	0.536937	1.000000	-0.2717921817	1.5377527482	0.549579	0.010000	0.500000	6.330384	8.238311	0	43	3	2	28733212	-0.160861	0	nan	0.991072

17:19507996:19508396	rs142934976	17	19508296	TC	T	0.702128	0.666100	1.000000	-0.0060090746	1.6177191942	0.445958	0.010000	0.500000	6.637690	8.287945	0	21	4	3	19507957	-0.092184	0	nan	0.989201
15:65868927:65869327	rs68192600	15	65872897	A	G	0.925532	0.304267	1.000000	-0.0063443914	0.3223375945	0.464594	0.010000	0.500000	6.558451	8.297574	0	26	3	3	65872897	-0.343025	0	nan	0.969084
14:49586445:49586845	rs59898738	14	49591242	CA	C	0.531915	0.169200	1.000000	-0.4784025422	5.5515845684	0.413673	0.010000	0.500000	7.029128	8.252619	0	18	4	3	49591242	1.694868	0	nan	0.992442
GL000225.1:10739:11139	SKIPPED		-1	N	N	-1.0	-1.0	-1.0	0.0	0.0	-1.0	-1.0	-1.0	-1.0	-1.0	0	0	-1	-1	-1	0.0	0	-1.0	-1.0
GL000225.1:99187:99587	SKIPPED		-1	N	N	-1.0	-1.0	-1.0	0.0	0.0	-1.0	-1.0	-1.0	-1.0	-1.0	0	0	-1	-1	-1	0.0	0	-1.0	-1.0
14:20630937:20631337	rs75349257	14	20632398	C	T	0.904255	0.526920	1.000000	-0.3872848570	1.7558433539	0.417494	0.010000	0.500000	7.369999	8.388694	0	17	4	3	20634914	0.313423	0	nan	0.974581
11:62841423:62841823	rs193027983	11	62844795	G	A	0.595745	0.638349	1.000000	-0.2807348673	6.6215187192	0.593724	0.010000	0.500000	6.882482	8.206925	0	52	4	2	62844795	2.242267	0	nan	0.992581
1:145281047:145281447	SKIPPED		-1	N	N	-1.0	-1.0	-1.0	0.0	0.0	-1.0	-1.0	-1.0	-1.0	-1.0	0	0	-1	-1	-1	0.0	0	-1.0	-1.0
14:20613375:20613775	rs375194582	14	20613652	T	TAGAG	0.904255	0.526920	1.000000	-0.3751466739	1.7558433539	0.417494	0.010000	0.500000	7.369999	8.388694	0	13	4	3	20617203	0.313423	0	nan	0.974581
1:146037601:146038001	SKIPPED		-1	N	N	-1.0	-1.0	-1.0	0.0	0.0	-1.0	-1.0	-1.0	-1.0	-1.0	0	0	-1	-1	-1	0.0	0	-1.0	-1.0
1:204506568:204506968	rs11268668	1	204502514	T	TTCTGAAACAGGG	0.734043	0.254758	1.000000	-0.1989957139	2.2454385851	0.559951	0.010000	0.500000	6.111072	8.182440	0	15	4	4	204502514	0.218971	0	nan	0.990497
1:146376819:146377219	SKIPPED		-1	N	N	-1.0	-1.0	-1.0	0.0	0.0	-1.0	-1.0	-1.0	-1.0	-1.0	0	0	-1	-1	-1	0.0	0	-1.0	-1.0
6:125780097:125780497	rs17798573	6	125775579	A	T	0.936170	3.895087	1.000000	-0.0589003460	1.5054017171	0.578443	0.010000	0.500000	5.618028	8.106136	0	12	4	4	125775579	0.359617	0	nan	0.974434
1:44730739:44731139	rs1636887	1	44725883	T	C	0.585106	1.316534	1.000000	-0.7787575945	3.2381242901	0.437123	0.010000	0.500000	6.731110	8.255775	0	13	4	4	44725883	0.512103	0	nan	0.992959

KI270733.1:161642:162042	SKIPPED		-1	N	N	-1.0	-1.0	-1.0	0.0	0.0	-1.0	-1.0	-1.0	-1.0	-1.0	0	0	-1	-1	-1	0.0	0	-1.0	-1.0
15:45200347:45200747	rs111685079	15	45196649	T	C	0.904255	0.919481	1.000000	-0.0397132842	1.2958916213	0.560046	0.010000	0.500000	5.769641	8.147752	0	31	4	3	45196649	0.055853	0	nan	0.979979
KI270519.1:44062:44462	SKIPPED		-1	N	N	-1.0	-1.0	-1.0	0.0	0.0	-1.0	-1.0	-1.0	-1.0	-1.0	0	0	-1	-1	-1	0.0	0	-1.0	-1.0
14:20609952:20610352	rs375194582	14	20613652	T	TAGAG	0.904255	0.526920	1.000000	-0.3064572254	1.7558433539	0.417494	0.010000	0.500000	7.369999	8.388694	0	18	4	3	20613652	0.313423	0	nan	0.974581
1:146039227:146039627	SKIPPED		-1	N	N	-1.0	-1.0	-1.0	0.0	0.0	-1.0	-1.0	-1.0	-1.0	-1.0	0	0	-1	-1	-1	0.0	0	-1.0	-1.0
2:70248762:70249162	rs79163498	2	70247654	G	C	0.925532	0.304267	1.000000	-0.4438795300	3.4740150807	0.620288	0.010000	0.500000	5.588462	8.053242	0	16	4	4	70247654	1.378680	0	nan	0.969084
6:28953098:28953498	rs6904975	6	28952035	A	G	0.606383	0.613732	1.000000	-0.1222730865	1.8921452088	0.555732	0.010000	0.500000	6.248016	8.219320	0	26	3	3	28952035	0.042249	0	nan	0.990578
17:75588250:75588650	rs4789468	17	75591787	C	G	0.617021	0.004312	1.000000	-1.0055082567	6.9080218609	0.602642	0.010000	0.500000	6.859937	8.197014	0	24	4	4	75592211	2.464225	0	nan	0.991644
6:27478776:27479176	rs2142706	6	27483876	C	T	0.851064	0.002398	1.000000	-0.3756436239	5.9738283944	0.385122	0.010000	0.500000	8.394864	8.420232	0	29	4	2	27483876	2.052186	0	nan	0.984249
17:8119945:8120345	rs34859352	17	8119565	TGG	T	0.840426	0.763159	1.000000	-0.1693642733	3.6502726919	0.417743	0.010000	0.500000	7.492824	8.351892	0	32	5	3	8119565	0.863550	0	nan	0.986864
KI270712.1:5890:6290	SKIPPED		-1	N	N	-1.0	-1.0	-1.0	0.0	0.0	-1.0	-1.0	-1.0	-1.0	-1.0	0	0	-1	-1	-1	0.0	0	-1.0	-1.0
GL000214.1:125281:125681	SKIPPED		-1	N	N	-1.0	-1.0	-1.0	0.0	0.0	-1.0	-1.0	-1.0	-1.0	-1.0	0	0	-1	-1	-1	0.0	0	-1.0	-1.0
1:148522554:148522954	SKIPPED		-1	N	N	-1.0	-1.0	-1.0	0.0	0.0	-1.0	-1.0	-1.0	-1.0	-1.0	0	0	-1	-1	-1	0.0	0	-1.0	-1.0
17:39154237:39154637	rs147292354	17	39157284	A	T	0.946809	0.148340	1.000000	-0.0185001495	0.7573977589	0.562239	0.010000	0.500000	5.636736	8.131244	0	98	4	3	39157284	0.097211	0	nan	0.959096
2:231786235:231786635	rs3098323	2	231787021	G	T	0.691489	1.089529	1.000000	-0.6310733022	3.9621353689	0.574752	0.010000	0.500000	6.349196	8.180048	0	21	4	4	231787021	0.989969	0	nan	0.991889
1:11908251:11908651	rs198369	1	11906960	C	T	0.553191	0.910625	1.000000	-0.4647361193	5.2197127886	0.420163	0.010000	0.500000	7.008304	8.260952	0	32	4	2	11905007	1.481965	0	nan	0.992914
GL000195.1:48216:48616	SKIPPED		-1	N	N	-1.0	-1.0	-1.0	0.0	0.0	-1.0	-1.0	-1.0	-1.0	-1.0	0	0	-1	-1	-1	0.0	0	-1.0	-1.0
KI270733.1:166463:166863	SKIPPED		-1	N	N	-1.0	-1.0	-1.0	0.0	0.0	-1.0	-1.0	-1.0	-1.0	-1.0	0	0	-1	-1	-1	0.0	0	-1.0	-1.0
17:8173240:8173640	rs6416893	17	8177048	A	G	0.904255	0.526920	1.000000	-0.7000847392	6.3505415213	0.365933	0.010000	0.500000	9.108245	8.476109	0	17	5	4	8177048	2.318176	0	nan	0.974581
KI270757.1:33139:33539	SKIPPED		-1	N	N	-1.0	-1.0	-1.0	0.0	0.0	-1.0	-1.0	-1.0	-1.0	-1.0	0	0	-1	-1	-1	0.0	0	-1.0	-1.0
GL000225.1:45935:46335	SKIPPED		-1	N	N	-1.0	-1.0	-1.0	0.0	0.0	-1.0	-1.0	-1.0	-1.0	-1.0	0	0	-1	-1	-1	0.0	0	-1.0	-1.0
17:68019747:68020147	rs142464	17	68024377	A	C	0.787234	6.256939	1.000000	-0.1213608835	1.2661332239	0.455378	0.010000	0.500000	6.634846	8.290745	0	13	4	4	68024377	-0.336088	0	nan	0.991283

6:144216361:144216761	rs200482247	6	144221527	CA	C	0.851064	0.002398	1.000000	-0.3673715942	2.0815902555	0.427266	0.010000	0.500000	7.156773	8.348017	0	8	4	4	144221527	0.267832	0	nan	0.984249
16:22296997:22297397	rs2290829	16	22296486	A	C	0.946809	0.148340	1.000000	-0.6041962222	3.2579464404	0.368638	0.010000	0.500000	8.720934	8.512847	0	7	4	3	22296486	1.157254	0	nan	0.959096
1:16727442:16727842	1:16731988:GA	1	16731988	G	GA	0.670213	0.538252	1.000000	-0.2380907092	1.2279615107	0.546800	0.010000	0.500000	6.108358	8.205086	0	39	3	4	16731988	-0.235111	0	nan	0.989913
8:95269477:95269877	rs2515108	8	95269963	T	G	0.531915	4.704040	1.000000	-0.1300648731	1.7232691678	0.456095	0.010000	0.500000	6.395333	8.248288	0	23	4	3	95267228	-0.254416	0	nan	0.993907
GL000214.1:120797:121197	SKIPPED		-1	N	N	-1.0	-1.0	-1.0	0.0	0.0	-1.0	-1.0	-1.0	-1.0	-1.0	0	0	-1	-1	-1	0.0	0	-1.0	-1.0
11:59560369:59560769	rs572072	11	59555985	G	C	0.851064	0.002398	1.000000	-0.1358650789	1.7081114973	0.563749	0.010000	0.500000	5.860212	8.156812	0	15	4	3	59555985	0.180127	0	nan	0.984249
GL000225.1:81059:81459	SKIPPED		-1	N	N	-1.0	-1.0	-1.0	0.0	0.0	-1.0	-1.0	-1.0	-1.0	-1.0	0	0	-1	-1	-1	0.0	0	-1.0	-1.0
KI270591.1:5033:5433	SKIPPED		-1	N	N	-1.0	-1.0	-1.0	0.0	0.0	-1.0	-1.0	-1.0	-1.0	-1.0	0	0	-1	-1	-1	0.0	0	-1.0	-1.0
17:8226367:8226767	rs76458421	17	8227428	C	A	0.936170	3.895087	1.000000	-0.2954872952	2.9304860732	0.596311	0.010000	0.500000	5.654486	8.084411	0	22	4	3	8227428	0.946907	0	nan	0.974434
KI270757.1:22495:22895	SKIPPED		-1	N	N	-1.0	-1.0	-1.0	0.0	0.0	-1.0	-1.0	-1.0	-1.0	-1.0	0	0	-1	-1	-1	0.0	0	-1.0	-1.0
1:167714629:167715029	rs6427106	1	167713516	G	A	0.702128	1.628586	1.000000	-0.0178614395	2.0466138771	0.447275	0.010000	0.500000	6.695820	8.278371	0	23	4	3	167713516	-0.027835	0	nan	0.991962
11:65507092:65507492	rs11227287	11	65507741	C	G	0.765957	1.641236	1.000000	-0.0033405722	1.1775083220	0.554498	0.010000	0.500000	5.961964	8.179262	0	25	3	3	65507741	-0.065695	0	nan	0.986379
4:184474540:184474940	rs72084454	4	184474050	TGA	T	0.585106	0.002952	1.000000	-0.0926625535	3.3764267840	0.570850	0.010000	0.500000	6.459406	8.220688	0	61	4	4	184474050	0.715553	0	nan	0.991722
KI270736.1:172875:173275	SKIPPED		-1	N	N	-1.0	-1.0	-1.0	0.0	0.0	-1.0	-1.0	-1.0	-1.0	-1.0	0	0	-1	-1	-1	0.0	0	-1.0	-1.0
6:52995576:52995976	rs2816344	6	53000508	G	C	0.680851	0.662773	1.000000	-0.0449362038	1.1954483094	0.544281	0.010000	0.500000	6.107222	8.200310	0	19	3	3	53000508	-0.297297	0	nan	0.991799
21:10627334:10627734	SKIPPED		-1	N	N	-1.0	-1.0	-1.0	0.0	0.0	-1.0	-1.0	-1.0	-1.0	-1.0	0	0	-1	-1	-1	0.0	0	-1.0	-1.0
13:30673832:30674232	rs9508634	13	30674652	C	T	0.882979	0.825519	1.000000	-1.1300768378	7.3900642058	0.357103	0.010000	0.500000	9.374612	8.495962	0	52	5	3	30675481	2.815882	0	nan	0.977990
GL000194.1:2548:2948	SKIPPED		-1	N	N	-1.0	-1.0	-1.0	0.0	0.0	-1.0	-1.0	-1.0	-1.0	-1.0	0	0	-1	-1	-1	0.0	0	-1.0	-1.0
GL000216.2:166598:166998	SKIPPED		-1	N	N	-1.0	-1.0	-1.0	0.0	0.0	-1.0	-1.0	-1.0	-1.0	-1.0	0	0	-1	-1	-1	0.0	0	-1.0	-1.0
16:57300187:57300587	rs72778736	16	57301035	T	C	0.819149	2.290943	1.000000	-0.1051213082	2.2424782935	0.426282	0.010000	0.500000	7.120970	8.334753	0	21	4	3	57301035	0.320603	0	nan	0.982846
1:16896020:16896420	rs663405	1	16893335	T	C	0.574468	14.993741	1.000000	-0.0269679034	0.2342413921	0.515115	0.010000	0.500000	6.124825	8.231879	0	2	3	3	16893335	-1.043194	0	nan	0.994776
KI270303.1:961:1361	SKIPPED		-1	N	N	-1.0	-1.0	-1.0	0.0	0.0	-1.0	-1.0	-1.0	-1.0	-1.0	0	0	-1	-1	-1	0.0	0	-1.0	-1.0

KI270733.1:119117:119517	SKIPPED		-1	N	N	-1.0	-1.0	-1.0	0.0	0.0	-1.0	-1.0	-1.0	-1.0	-1.0	0	0	-1	-1	-1	0.0	0	-1.0	-1.0
6:28212863:28213263	rs35330207	6	28215270	GA	G	0.882979	0.825519	1.000000	-0.0057104672	2.4421209576	0.415475	0.010000	0.500000	7.451009	8.375079	0	20	5	2	28215641	0.494818	0	nan	0.977990
1:36088722:36089122	rs574384	1	36087661	C	A	0.925532	0.304267	1.000000	-0.5697195433	1.2201697086	0.571281	0.010000	0.500000	5.648664	8.124174	0	1	4	4	36087661	0.233794	0	nan	0.969084
14:102316913:102317313	rs1678003	14	102314069	G	A	0.787234	0.012359	1.000000	-0.0008974543	2.1690254877	0.565003	0.010000	0.500000	6.002751	8.168316	0	34	4	3	102314069	0.294927	0	nan	0.987936
KI270438.1:11746:12146	SKIPPED		-1	N	N	-1.0	-1.0	-1.0	0.0	0.0	-1.0	-1.0	-1.0	-1.0	-1.0	0	0	-1	-1	-1	0.0	0	-1.0	-1.0
12:120291623:120292023	rs11064928	12	120292166	G	C	0.946809	0.148340	1.000000	-0.1549458656	1.1891584147	0.422069	0.010000	0.500000	7.324390	8.388355	0	9	4	3	120293375	0.181123	0	nan	0.959096
1:2683992:2684392	rs376019577	1	2686604	C	G	0.893617	5.074082	1.000000	-0.2013325673	1.5736704762	0.563283	0.010000	0.500000	5.793811	8.143220	0	3	4	2	2686604	0.145442	0	nan	0.984304
3:45688865:45689265	rs79304315	3	45691593	A	C	0.787234	0.964375	1.000000	-0.0252521873	0.9606338666	0.454497	0.010000	0.500000	6.600446	8.291170	0	30	4	2	45691593	-0.330740	0	nan	0.986166
6:132814071:132814471	rs9375891	6	132812273	G	T	0.840426	0.045821	1.000000	-0.2597427750	2.8654570802	0.418407	0.010000	0.500000	7.356229	8.360842	0	15	4	4	132812273	0.599969	0	nan	0.984737
KI270736.1:157637:158037	SKIPPED		-1	N	N	-1.0	-1.0	-1.0	0.0	0.0	-1.0	-1.0	-1.0	-1.0	-1.0	0	0	-1	-1	-1	0.0	0	-1.0	-1.0
KI270723.1:36731:37131	SKIPPED		-1	N	N	-1.0	-1.0	-1.0	0.0	0.0	-1.0	-1.0	-1.0	-1.0	-1.0	0	0	-1	-1	-1	0.0	0	-1.0	-1.0
KI270588.1:2549:2949	SKIPPED		-1	N	N	-1.0	-1.0	-1.0	0.0	0.0	-1.0	-1.0	-1.0	-1.0	-1.0	0	0	-1	-1	-1	0.0	0	-1.0	-1.0
KI270304.1:816:1216	SKIPPED		-1	N	N	-1.0	-1.0	-1.0	0.0	0.0	-1.0	-1.0	-1.0	-1.0	-1.0	0	0	-1	-1	-1	0.0	0	-1.0	-1.0
21:9838929:9839329	SKIPPED		-1	N	N	-1.0	-1.0	-1.0	0.0	0.0	-1.0	-1.0	-1.0	-1.0	-1.0	0	0	-1	-1	-1	0.0	0	-1.0	-1.0
KI270729.1:25379:25779	SKIPPED		-1	N	N	-1.0	-1.0	-1.0	0.0	0.0	-1.0	-1.0	-1.0	-1.0	-1.0	0	0	-1	-1	-1	0.0	0	-1.0	-1.0

6:28896065:28896465	6:28897864:A	6	28897864	T	A	0.670213	0.538252	1.000000	-0.1611736274	3.1959250559	0.576234	0.010000	0.500000	6.277426	8.194134	0	31	4	4	28897864	0.750328	0	nan	0.989913
1:44721546:44721946	rs1636887	1	44725883	T	C	0.585106	1.316534	1.000000	-0.6374284417	3.2381242901	0.437123	0.010000	0.500000	6.731110	8.255775	0	12	4	4	44725883	0.512103	0	nan	0.992959
16:33338522:33338922	SKIPPED	16	-1	N	N	-1.0	-1.0	-1.0	0.0	0.0	-1.0	-1.0	-1.0	-1.0	-1.0	0	0	-1	-1	-1	0.0	0	-1.0	-1.0
16:3152761:3153161	rs2741931	16	3153200	A	C	0.606383	1.102427	1.000000	-0.0712204407	1.2283865218	0.459496	0.010000	0.500000	6.403450	8.254220	0	21	3	2	3153200	-0.416439	0	nan	0.992751
KI270732.1:30359:30759	SKIPPED		-1	N	N	-1.0	-1.0	-1.0	0.0	0.0	-1.0	-1.0	-1.0	-1.0	-1.0	0	0	-1	-1	-1	0.0	0	-1.0	-1.0
1:149886789:149887189	rs626785	1	149881900	G	A	0.797872	0.692724	1.000000	-0.2527465818	2.1458757528	0.571149	0.010000	0.500000	5.953525	8.156634	0	12	4	4	149881900	0.388593	0	nan	0.985991
KI270754.1:35644:36044	SKIPPED		-1	N	N	-1.0	-1.0	-1.0	0.0	0.0	-1.0	-1.0	-1.0	-1.0	-1.0	0	0	-1	-1	-1	0.0	0	-1.0	-1.0
KI270744.1:125128:125528	SKIPPED		-1	N	N	-1.0	-1.0	-1.0	0.0	0.0	-1.0	-1.0	-1.0	-1.0	-1.0	0	0	-1	-1	-1	0.0	0	-1.0	-1.0
10:22229342:22229742	rs11411342	10	22233099	G	GT	0.723404	0.086848	1.000000	-0.2150244730	0.7385509818	0.466538	0.010000	0.500000	6.411224	8.268307	0	6	3	3	22233099	-0.598567	0	nan	0.990457
15:65304630:65305030	rs7172670	15	65304660	A	T	0.627660	0.857958	1.000000	-0.2132856152	1.3062309186	0.457032	0.010000	0.500000	6.444677	8.263327	0	13	3	3	65304660	-0.351882	0	nan	0.992481

14:22929536:22929936	rs1882705	14	22930038	C	T	0.574468	0.812507	1.000000	-1.7377908567	11.4800981516	0.374735	0.010000	0.500000	8.262282	8.283482	0	26	4	4	22930038	4.571235	0	nan	0.990618
1:148038544:148038944	SKIPPED		-1	N	N	-1.0	-1.0	-1.0	0.0	0.0	-1.0	-1.0	-1.0	-1.0	-1.0	0	0	-1	-1	-1	0.0	0	-1.0	-1.0
17:8125570:8125970	rs5819187	17	8124563	A	AATC	0.904255	0.526920	1.000000	-0.1523695760	1.5087036506	0.427909	0.010000	0.500000	7.181176	8.361692	0	18	4	4	8124563	0.136643	0	nan	0.974581
KI270733.1:155406:155806	SKIPPED		-1	N	N	-1.0	-1.0	-1.0	0.0	0.0	-1.0	-1.0	-1.0	-1.0	-1.0	0	0	-1	-1	-1	0.0	0	-1.0	-1.0
1:161612518:161612918	rs17411858	1	161617516	G	A	0.872340	1.006544	1.000000	-0.0362801257	0.7791862201	0.450911	0.010000	0.500000	6.719517	8.314677	0	48	4	3	161617516	-0.246597	0	nan	0.979228
KI270732.1:2117:2517	SKIPPED		-1	N	N	-1.0	-1.0	-1.0	0.0	0.0	-1.0	-1.0	-1.0	-1.0	-1.0	0	0	-1	-1	-1	0.0	0	-1.0	-1.0
16:636573:636973	rs113619665	16	631974	A	G	0.925532	0.304267	1.000000	-0.0222027280	1.0518929949	0.433707	0.010000	0.500000	7.072097	8.358293	0	48	4	2	631974	0.020791	0	nan	0.969084
17:58631500:58631900	rs376045282	17	58633050	C	CT	0.925532	13.550608	1.000000	-0.7488522561	2.5055230531	0.414447	0.010000	0.500000	7.597646	8.397751	0	4	5	4	58633050	0.533808	0	nan	0.981328
9:35657725:35658125	rs7021463	9	35657859	G	C	0.893617	0.666100	1.000000	-0.5275272288	1.7304460781	0.579099	0.010000	0.500000	5.705185	8.120420	0	46	4	4	35655593	0.419089	0	nan	0.976471
KI270754.1:39140:39540	SKIPPED		-1	N	N	-1.0	-1.0	-1.0	0.0	0.0	-1.0	-1.0	-1.0	-1.0	-1.0	0	0	-1	-1	-1	0.0	0	-1.0	-1.0
6:28863529:28863929	6:28862555:A	6	28862555	T	A	0.797872	0.692724	1.000000	-0.2341197268	2.6833591733	0.577333	0.010000	0.500000	5.981758	8.157378	0	40	4	4	28862555	0.630274	0	nan	0.985991
KI270719.1:174474:174874	SKIPPED		-1	N	N	-1.0	-1.0	-1.0	0.0	0.0	-1.0	-1.0	-1.0	-1.0	-1.0	0	0	-1	-1	-1	0.0	0	-1.0	-1.0
GL000009.2:200658:201058	SKIPPED		-1	N	N	-1.0	-1.0	-1.0	0.0	0.0	-1.0	-1.0	-1.0	-1.0	-1.0	0	0	-1	-1	-1	0.0	0	-1.0	-1.0
1:146051912:146052312	SKIPPED		-1	N	N	-1.0	-1.0	-1.0	0.0	0.0	-1.0	-1.0	-1.0	-1.0	-1.0	0	0	-1	-1	-1	0.0	0	-1.0	-1.0

KI270712.1:57269:57669	SKIPPED		-1	N	N	-1.0	-1.0	-1.0	0.0	0.0	-1.0	-1.0	-1.0	-1.0	-1.0	0	0	-1	-1	-1	0.0	0	-1.0	-1.0
KI270311.1:561:961	SKIPPED		-1	N	N	-1.0	-1.0	-1.0	0.0	0.0	-1.0	-1.0	-1.0	-1.0	-1.0	0	0	-1	-1	-1	0.0	0	-1.0	-1.0
11:76235553:76235953	rs2513508	11	76234528	T	C	0.627660	0.103705	1.000000	-2.7697277535	12.2992145584	0.627759	0.010000	0.500000	7.604381	8.194534	0	15	5	3	76233654	5.032810	0	nan	0.991054


1:161621525:161621925	rs199909428	1	161623977	A	G	0.882979	0.825519	1.000000	-0.0238528190	3.4851302329	0.398302	0.010000	0.500000	7.877694	8.410996	0	43	5	3	161623977	0.995659	0	nan	0.977990
15:45198449:45198849	rs111685079	15	45196649	T	C	0.904255	0.919481	1.000000	-0.0375633072	1.2958916213	0.560046	0.010000	0.500000	5.769641	8.147752	0	27	4	3	45196649	0.055853	0	nan	0.979979
10:132364314:132364714	rs72846217	10	132363266	T	C	0.925532	0.304267	1.000000	-0.0021875246	0.7569312429	0.444177	0.010000	0.500000	6.884113	8.337192	0	31	4	2	132363266	-0.121263	0	nan	0.969084
11:59566187:59566587	rs78558194	11	59563899	C	T	0.946809	0.148340	1.000000	-0.0803881035	0.3911670574	0.452287	0.010000	0.500000	6.749813	8.328720	0	14	4	3	59563899	-0.107130	0	nan	0.959096
6:392121:392521	rs1775589	6	397290	C	T	0.946809	6.305987	1.000000	-0.1896287599	2.8335307938	0.396024	0.010000	0.500000	8.060446	8.442705	0	7	5	2	397290	0.806177	0	nan	0.971472
