Feature_ID rs_ID Chromosome SNP_position Ref Alt Allele_freq HWE_Chi-square Imputation_quality_score Log_10_Benjamini-Hochberg_Q-value Chi_square Effect_size_Pi Sequencing_error_rate Reference_allele_mapping_bias_Phi Overdispersion SNP_ID_within_the_region No_of_feature_SNPs No_of_tested_SNPs No_of_iterations_for_null_hypothesis No_of_iterations_for_alternative_hypothesis Random_location_of_ties Log_likelihood_of_the_null_hypothesis Convergence_status Squared_correlation_between_prior_and_posterior_genotypes_fSNPs Squared_correlation_between_prior_and_posterior_genotypes_rSNP
MT:15244:15644	SKIPPED		-1	N	N	-1.0	-1.0	-1.0	0.0	0.0	-1.0	-1.0	-1.0	-1.0	-1.0	0	0	-1	-1	-1	0.0	0	-1.0	-1.0
MT:2612:3012	SKIPPED		-1	N	N	-1.0	-1.0	-1.0	0.0	0.0	-1.0	-1.0	-1.0	-1.0	-1.0	0	0	-1	-1	-1	0.0	0	-1.0	-1.0
KI270729.1:10861:11261	SKIPPED		-1	N	N	-1.0	-1.0	-1.0	0.0	0.0	-1.0	-1.0	-1.0	-1.0	-1.0	0	0	-1	-1	-1	0.0	0	-1.0	-1.0
KI270465.1:799:1199	SKIPPED		-1	N	N	-1.0	-1.0	-1.0	0.0	0.0	-1.0	-1.0	-1.0	-1.0	-1.0	0	0	-1	-1	-1	0.0	0	-1.0	-1.0
KI270729.1:2308:2708	SKIPPED		-1	N	N	-1.0	-1.0	-1.0	0.0	0.0	-1.0	-1.0	-1.0	-1.0	-1.0	0	0	-1	-1	-1	0.0	0	-1.0	-1.0
GL000224.1:2122:2522	SKIPPED		-1	N	N	-1.0	-1.0	-1.0	0.0	0.0	-1.0	-1.0	-1.0	-1.0	-1.0	0	0	-1	-1	-1	0.0	0	-1.0	-1.0
GL000225.1:25546:25946	SKIPPED		-1	N	N	-1.0	-1.0	-1.0	0.0	0.0	-1.0	-1.0	-1.0	-1.0	-1.0	0	0	-1	-1	-1	0.0	0	-1.0	-1.0
KI270538.1:88611:89011	SKIPPED		-1	N	N	-1.0	-1.0	-1.0	0.0	0.0	-1.0	-1.0	-1.0	-1.0	-1.0	0	0	-1	-1	-1	0.0	0	-1.0	-1.0
KI270728.1:1791655:1792055	SKIPPED		-1	N	N	-1.0	-1.0	-1.0	0.0	0.0	-1.0	-1.0	-1.0	-1.0	-1.0	0	0	-1	-1	-1	0.0	0	-1.0	-1.0
KI270337.1:242:642	SKIPPED		-1	N	N	-1.0	-1.0	-1.0	0.0	0.0	-1.0	-1.0	-1.0	-1.0	-1.0	0	0	-1	-1	-1	0.0	0	-1.0	-1.0
KI270517.1:2306:2706	SKIPPED		-1	N	N	-1.0	-1.0	-1.0	0.0	0.0	-1.0	-1.0	-1.0	-1.0	-1.0	0	0	-1	-1	-1	0.0	0	-1.0	-1.0
KI270438.1:109404:109804	SKIPPED		-1	N	N	-1.0	-1.0	-1.0	0.0	0.0	-1.0	-1.0	-1.0	-1.0	-1.0	0	0	-1	-1	-1	0.0	0	-1.0	-1.0
GL000008.2:2653:3053	SKIPPED		-1	N	N	-1.0	-1.0	-1.0	0.0	0.0	-1.0	-1.0	-1.0	-1.0	-1.0	0	0	-1	-1	-1	0.0	0	-1.0	-1.0
KI270336.1:235:635	SKIPPED		-1	N	N	-1.0	-1.0	-1.0	0.0	0.0	-1.0	-1.0	-1.0	-1.0	-1.0	0	0	-1	-1	-1	0.0	0	-1.0	-1.0
GL000225.1:117271:117671	SKIPPED		-1	N	N	-1.0	-1.0	-1.0	0.0	0.0	-1.0	-1.0	-1.0	-1.0	-1.0	0	0	-1	-1	-1	0.0	0	-1.0	-1.0
KI270538.1:40080:40480	SKIPPED		-1	N	N	-1.0	-1.0	-1.0	0.0	0.0	-1.0	-1.0	-1.0	-1.0	-1.0	0	0	-1	-1	-1	0.0	0	-1.0	-1.0
GL000225.1:85483:85883	SKIPPED		-1	N	N	-1.0	-1.0	-1.0	0.0	0.0	-1.0	-1.0	-1.0	-1.0	-1.0	0	0	-1	-1	-1	0.0	0	-1.0	-1.0
GL000225.1:67337:67737	SKIPPED		-1	N	N	-1.0	-1.0	-1.0	0.0	0.0	-1.0	-1.0	-1.0	-1.0	-1.0	0	0	-1	-1	-1	0.0	0	-1.0	-1.0
KI270442.1:92000:92400	SKIPPED		-1	N	N	-1.0	-1.0	-1.0	0.0	0.0	-1.0	-1.0	-1.0	-1.0	-1.0	0	0	-1	-1	-1	0.0	0	-1.0	-1.0
KI270744.1:108044:108444	SKIPPED		-1	N	N	-1.0	-1.0	-1.0	0.0	0.0	-1.0	-1.0	-1.0	-1.0	-1.0	0	0	-1	-1	-1	0.0	0	-1.0	-1.0
KI270438.1:21290:21690	SKIPPED		-1	N	N	-1.0	-1.0	-1.0	0.0	0.0	-1.0	-1.0	-1.0	-1.0	-1.0	0	0	-1	-1	-1	0.0	0	-1.0	-1.0
GL000224.1:3696:4096	SKIPPED		-1	N	N	-1.0	-1.0	-1.0	0.0	0.0	-1.0	-1.0	-1.0	-1.0	-1.0	0	0	-1	-1	-1	0.0	0	-1.0	-1.0
KI270467.1:3267:3667	SKIPPED		-1	N	N	-1.0	-1.0	-1.0	0.0	0.0	-1.0	-1.0	-1.0	-1.0	-1.0	0	0	-1	-1	-1	0.0	0	-1.0	-1.0
KI270709.1:14219:14619	SKIPPED		-1	N	N	-1.0	-1.0	-1.0	0.0	0.0	-1.0	-1.0	-1.0	-1.0	-1.0	0	0	-1	-1	-1	0.0	0	-1.0	-1.0
KI270438.1:103904:104304	SKIPPED		-1	N	N	-1.0	-1.0	-1.0	0.0	0.0	-1.0	-1.0	-1.0	-1.0	-1.0	0	0	-1	-1	-1	0.0	0	-1.0	-1.0
KI270438.1:111952:112352	SKIPPED		-1	N	N	-1.0	-1.0	-1.0	0.0	0.0	-1.0	-1.0	-1.0	-1.0	-1.0	0	0	-1	-1	-1	0.0	0	-1.0	-1.0
KI270538.1:83622:84022	SKIPPED		-1	N	N	-1.0	-1.0	-1.0	0.0	0.0	-1.0	-1.0	-1.0	-1.0	-1.0	0	0	-1	-1	-1	0.0	0	-1.0	-1.0
KI270590.1:2227:2627	SKIPPED		-1	N	N	-1.0	-1.0	-1.0	0.0	0.0	-1.0	-1.0	-1.0	-1.0	-1.0	0	0	-1	-1	-1	0.0	0	-1.0	-1.0
GL000216.2:167672:168072	SKIPPED		-1	N	N	-1.0	-1.0	-1.0	0.0	0.0	-1.0	-1.0	-1.0	-1.0	-1.0	0	0	-1	-1	-1	0.0	0	-1.0	-1.0
KI270709.1:7308:7708	SKIPPED		-1	N	N	-1.0	-1.0	-1.0	0.0	0.0	-1.0	-1.0	-1.0	-1.0	-1.0	0	0	-1	-1	-1	0.0	0	-1.0	-1.0
KI270711.1:8800:9200	SKIPPED		-1	N	N	-1.0	-1.0	-1.0	0.0	0.0	-1.0	-1.0	-1.0	-1.0	-1.0	0	0	-1	-1	-1	0.0	0	-1.0	-1.0
KI270466.1:752:1152	SKIPPED		-1	N	N	-1.0	-1.0	-1.0	0.0	0.0	-1.0	-1.0	-1.0	-1.0	-1.0	0	0	-1	-1	-1	0.0	0	-1.0	-1.0
GL000225.1:110369:110769	SKIPPED		-1	N	N	-1.0	-1.0	-1.0	0.0	0.0	-1.0	-1.0	-1.0	-1.0	-1.0	0	0	-1	-1	-1	0.0	0	-1.0	-1.0
KI270516.1:418:818	SKIPPED		-1	N	N	-1.0	-1.0	-1.0	0.0	0.0	-1.0	-1.0	-1.0	-1.0	-1.0	0	0	-1	-1	-1	0.0	0	-1.0	-1.0
GL000225.1:133555:133955	SKIPPED		-1	N	N	-1.0	-1.0	-1.0	0.0	0.0	-1.0	-1.0	-1.0	-1.0	-1.0	0	0	-1	-1	-1	0.0	0	-1.0	-1.0
KI270333.1:873:1273	SKIPPED		-1	N	N	-1.0	-1.0	-1.0	0.0	0.0	-1.0	-1.0	-1.0	-1.0	-1.0	0	0	-1	-1	-1	0.0	0	-1.0	-1.0
GL000216.2:173735:174135	SKIPPED		-1	N	N	-1.0	-1.0	-1.0	0.0	0.0	-1.0	-1.0	-1.0	-1.0	-1.0	0	0	-1	-1	-1	0.0	0	-1.0	-1.0
KI270538.1:81137:81537	SKIPPED		-1	N	N	-1.0	-1.0	-1.0	0.0	0.0	-1.0	-1.0	-1.0	-1.0	-1.0	0	0	-1	-1	-1	0.0	0	-1.0	-1.0
KI270736.1:166578:166978	SKIPPED		-1	N	N	-1.0	-1.0	-1.0	0.0	0.0	-1.0	-1.0	-1.0	-1.0	-1.0	0	0	-1	-1	-1	0.0	0	-1.0	-1.0
KI270544.1:716:1116	SKIPPED		-1	N	N	-1.0	-1.0	-1.0	0.0	0.0	-1.0	-1.0	-1.0	-1.0	-1.0	0	0	-1	-1	-1	0.0	0	-1.0	-1.0
GL000225.1:70703:71103	SKIPPED		-1	N	N	-1.0	-1.0	-1.0	0.0	0.0	-1.0	-1.0	-1.0	-1.0	-1.0	0	0	-1	-1	-1	0.0	0	-1.0	-1.0
KI270744.1:120520:120920	SKIPPED		-1	N	N	-1.0	-1.0	-1.0	0.0	0.0	-1.0	-1.0	-1.0	-1.0	-1.0	0	0	-1	-1	-1	0.0	0	-1.0	-1.0
KI270736.1:180714:181114	SKIPPED		-1	N	N	-1.0	-1.0	-1.0	0.0	0.0	-1.0	-1.0	-1.0	-1.0	-1.0	0	0	-1	-1	-1	0.0	0	-1.0	-1.0
GL000214.1:131567:131967	SKIPPED		-1	N	N	-1.0	-1.0	-1.0	0.0	0.0	-1.0	-1.0	-1.0	-1.0	-1.0	0	0	-1	-1	-1	0.0	0	-1.0	-1.0
KI270330.1:1108:1508	SKIPPED		-1	N	N	-1.0	-1.0	-1.0	0.0	0.0	-1.0	-1.0	-1.0	-1.0	-1.0	0	0	-1	-1	-1	0.0	0	-1.0	-1.0
KI270744.1:111013:111413	SKIPPED		-1	N	N	-1.0	-1.0	-1.0	0.0	0.0	-1.0	-1.0	-1.0	-1.0	-1.0	0	0	-1	-1	-1	0.0	0	-1.0	-1.0
KI270509.1:275:675	SKIPPED		-1	N	N	-1.0	-1.0	-1.0	0.0	0.0	-1.0	-1.0	-1.0	-1.0	-1.0	0	0	-1	-1	-1	0.0	0	-1.0	-1.0
1:2653852:2654252	SKIPPED		-1	N	N	-1.0	-1.0	-1.0	0.0	0.0	-1.0	-1.0	-1.0	-1.0	-1.0	0	0	-1	-1	-1	0.0	0	-1.0	-1.0
1:144104224:144104624	SKIPPED		-1	N	N	-1.0	-1.0	-1.0	0.0	0.0	-1.0	-1.0	-1.0	-1.0	-1.0	0	0	-1	-1	-1	0.0	0	-1.0	-1.0
GL000225.1:56035:56435	SKIPPED		-1	N	N	-1.0	-1.0	-1.0	0.0	0.0	-1.0	-1.0	-1.0	-1.0	-1.0	0	0	-1	-1	-1	0.0	0	-1.0	-1.0
GL000220.1:142711:143111	SKIPPED		-1	N	N	-1.0	-1.0	-1.0	0.0	0.0	-1.0	-1.0	-1.0	-1.0	-1.0	0	0	-1	-1	-1	0.0	0	-1.0	-1.0
KI270757.1:51401:51801	SKIPPED		-1	N	N	-1.0	-1.0	-1.0	0.0	0.0	-1.0	-1.0	-1.0	-1.0	-1.0	0	0	-1	-1	-1	0.0	0	-1.0	-1.0
1:121396384:121396784	SKIPPED		-1	N	N	-1.0	-1.0	-1.0	0.0	0.0	-1.0	-1.0	-1.0	-1.0	-1.0	0	0	-1	-1	-1	0.0	0	-1.0	-1.0
GL000220.1:138213:138613	SKIPPED		-1	N	N	-1.0	-1.0	-1.0	0.0	0.0	-1.0	-1.0	-1.0	-1.0	-1.0	0	0	-1	-1	-1	0.0	0	-1.0	-1.0
GL000216.2:309:709	SKIPPED		-1	N	N	-1.0	-1.0	-1.0	0.0	0.0	-1.0	-1.0	-1.0	-1.0	-1.0	0	0	-1	-1	-1	0.0	0	-1.0	-1.0
KI270538.1:53579:53979	SKIPPED		-1	N	N	-1.0	-1.0	-1.0	0.0	0.0	-1.0	-1.0	-1.0	-1.0	-1.0	0	0	-1	-1	-1	0.0	0	-1.0	-1.0
KI270724.1:587:987	SKIPPED		-1	N	N	-1.0	-1.0	-1.0	0.0	0.0	-1.0	-1.0	-1.0	-1.0	-1.0	0	0	-1	-1	-1	0.0	0	-1.0	-1.0
GL000216.2:5810:6210	SKIPPED		-1	N	N	-1.0	-1.0	-1.0	0.0	0.0	-1.0	-1.0	-1.0	-1.0	-1.0	0	0	-1	-1	-1	0.0	0	-1.0	-1.0
GL000225.1:167526:167926	SKIPPED		-1	N	N	-1.0	-1.0	-1.0	0.0	0.0	-1.0	-1.0	-1.0	-1.0	-1.0	0	0	-1	-1	-1	0.0	0	-1.0	-1.0
KI270589.1:14731:15131	SKIPPED		-1	N	N	-1.0	-1.0	-1.0	0.0	0.0	-1.0	-1.0	-1.0	-1.0	-1.0	0	0	-1	-1	-1	0.0	0	-1.0	-1.0
GL000225.1:131497:131897	SKIPPED		-1	N	N	-1.0	-1.0	-1.0	0.0	0.0	-1.0	-1.0	-1.0	-1.0	-1.0	0	0	-1	-1	-1	0.0	0	-1.0	-1.0
KI270728.1:232524:232924	SKIPPED		-1	N	N	-1.0	-1.0	-1.0	0.0	0.0	-1.0	-1.0	-1.0	-1.0	-1.0	0	0	-1	-1	-1	0.0	0	-1.0	-1.0
KI270310.1:411:811	SKIPPED		-1	N	N	-1.0	-1.0	-1.0	0.0	0.0	-1.0	-1.0	-1.0	-1.0	-1.0	0	0	-1	-1	-1	0.0	0	-1.0	-1.0
KI270733.1:135659:136059	SKIPPED		-1	N	N	-1.0	-1.0	-1.0	0.0	0.0	-1.0	-1.0	-1.0	-1.0	-1.0	0	0	-1	-1	-1	0.0	0	-1.0	-1.0
GL000220.1:119685:120085	SKIPPED		-1	N	N	-1.0	-1.0	-1.0	0.0	0.0	-1.0	-1.0	-1.0	-1.0	-1.0	0	0	-1	-1	-1	0.0	0	-1.0	-1.0
KI270751.1:149828:150228	SKIPPED		-1	N	N	-1.0	-1.0	-1.0	0.0	0.0	-1.0	-1.0	-1.0	-1.0	-1.0	0	0	-1	-1	-1	0.0	0	-1.0	-1.0
GL000225.1:33519:33919	SKIPPED		-1	N	N	-1.0	-1.0	-1.0	0.0	0.0	-1.0	-1.0	-1.0	-1.0	-1.0	0	0	-1	-1	-1	0.0	0	-1.0	-1.0
GL000225.1:13939:14339	SKIPPED		-1	N	N	-1.0	-1.0	-1.0	0.0	0.0	-1.0	-1.0	-1.0	-1.0	-1.0	0	0	-1	-1	-1	0.0	0	-1.0	-1.0
GL000216.2:149331:149731	SKIPPED		-1	N	N	-1.0	-1.0	-1.0	0.0	0.0	-1.0	-1.0	-1.0	-1.0	-1.0	0	0	-1	-1	-1	0.0	0	-1.0	-1.0
GL000216.2:14281:14681	SKIPPED		-1	N	N	-1.0	-1.0	-1.0	0.0	0.0	-1.0	-1.0	-1.0	-1.0	-1.0	0	0	-1	-1	-1	0.0	0	-1.0	-1.0
KI270435.1:91976:92376	SKIPPED		-1	N	N	-1.0	-1.0	-1.0	0.0	0.0	-1.0	-1.0	-1.0	-1.0	-1.0	0	0	-1	-1	-1	0.0	0	-1.0	-1.0
KI270733.1:158522:158922	SKIPPED		-1	N	N	-1.0	-1.0	-1.0	0.0	0.0	-1.0	-1.0	-1.0	-1.0	-1.0	0	0	-1	-1	-1	0.0	0	-1.0	-1.0
KI270733.1:168670:169070	SKIPPED		-1	N	N	-1.0	-1.0	-1.0	0.0	0.0	-1.0	-1.0	-1.0	-1.0	-1.0	0	0	-1	-1	-1	0.0	0	-1.0	-1.0
KI270709.1:3773:4173	SKIPPED		-1	N	N	-1.0	-1.0	-1.0	0.0	0.0	-1.0	-1.0	-1.0	-1.0	-1.0	0	0	-1	-1	-1	0.0	0	-1.0	-1.0
KI270733.1:164922:165322	SKIPPED		-1	N	N	-1.0	-1.0	-1.0	0.0	0.0	-1.0	-1.0	-1.0	-1.0	-1.0	0	0	-1	-1	-1	0.0	0	-1.0	-1.0
6:28982020:28982420	rs9280534	6	28984635	GC	G	0.617021	0.304267	1.000000	-0.3470550138	2.6183454010	0.438336	0.010000	0.500000	6.782091	8.283948	0	33	4	4	28984635	0.294586	0	nan	0.990832
GL000225.1:50613:51013	SKIPPED		-1	N	N	-1.0	-1.0	-1.0	0.0	0.0	-1.0	-1.0	-1.0	-1.0	-1.0	0	0	-1	-1	-1	0.0	0	-1.0	-1.0
KI270435.1:1403:1803	SKIPPED		-1	N	N	-1.0	-1.0	-1.0	0.0	0.0	-1.0	-1.0	-1.0	-1.0	-1.0	0	0	-1	-1	-1	0.0	0	-1.0	-1.0
KI270508.1:1173:1573	SKIPPED		-1	N	N	-1.0	-1.0	-1.0	0.0	0.0	-1.0	-1.0	-1.0	-1.0	-1.0	0	0	-1	-1	-1	0.0	0	-1.0	-1.0
KI270729.1:27606:28006	SKIPPED		-1	N	N	-1.0	-1.0	-1.0	0.0	0.0	-1.0	-1.0	-1.0	-1.0	-1.0	0	0	-1	-1	-1	0.0	0	-1.0	-1.0
KI270713.1:21604:22004	SKIPPED		-1	N	N	-1.0	-1.0	-1.0	0.0	0.0	-1.0	-1.0	-1.0	-1.0	-1.0	0	0	-1	-1	-1	0.0	0	-1.0	-1.0

KI270438.1:706:1106	SKIPPED		-1	N	N	-1.0	-1.0	-1.0	0.0	0.0	-1.0	-1.0	-1.0	-1.0	-1.0	0	0	-1	-1	-1	0.0	0	-1.0	-1.0
KI270743.1:151775:152175	SKIPPED		-1	N	N	-1.0	-1.0	-1.0	0.0	0.0	-1.0	-1.0	-1.0	-1.0	-1.0	0	0	-1	-1	-1	0.0	0	-1.0	-1.0
KI270734.1:121348:121748	SKIPPED		-1	N	N	-1.0	-1.0	-1.0	0.0	0.0	-1.0	-1.0	-1.0	-1.0	-1.0	0	0	-1	-1	-1	0.0	0	-1.0	-1.0
17:8186804:8187204	rs11652212	17	8183852	C	G	0.787234	0.012359	1.000000	-0.1397677225	0.5110734873	0.531591	0.010000	0.500000	6.066255	8.217455	0	15	3	3	8190253	-0.537300	0	nan	0.987936
KI270733.1:138178:138578	SKIPPED		-1	N	N	-1.0	-1.0	-1.0	0.0	0.0	-1.0	-1.0	-1.0	-1.0	-1.0	0	0	-1	-1	-1	0.0	0	-1.0	-1.0
KI270733.1:174974:175374	SKIPPED		-1	N	N	-1.0	-1.0	-1.0	0.0	0.0	-1.0	-1.0	-1.0	-1.0	-1.0	0	0	-1	-1	-1	0.0	0	-1.0	-1.0
1:161530598:161530998	rs151272476	1	161525876	A	G	0.819149	2.074359	1.000000	-0.0174384845	1.9222683050	0.562474	0.010000	0.500000	6.027658	8.176470	0	18	4	2	161525876	0.195387	0	nan	0.988903
14:20632907:20633307	14:20629459:T	14	20629459	T	TAAAAAAA	0.553191	2.385189	1.000000	-0.1707237858	2.0322333842	0.451764	0.010000	0.500000	6.561706	8.267281	0	21	4	4	20629459	-0.095666	0	nan	0.993409
GL000216.2:159048:159448	SKIPPED		-1	N	N	-1.0	-1.0	-1.0	0.0	0.0	-1.0	-1.0	-1.0	-1.0	-1.0	0	0	-1	-1	-1	0.0	0	-1.0	-1.0
17:31549918:31550318	rs34964708	17	31551251	T	C	0.829787	0.434541	1.000000	-0.7570149905	3.9396947532	0.593919	0.010000	0.500000	6.086608	8.136079	0	23	4	4	31547942	1.256135	0	nan	0.987168
KI270580.1:546:946	SKIPPED		-1	N	N	-1.0	-1.0	-1.0	0.0	0.0	-1.0	-1.0	-1.0	-1.0	-1.0	0	0	-1	-1	-1	0.0	0	-1.0	-1.0
8:66113228:66113628	rs7823095	8	66112149	G	A	0.765957	1.345418	1.000000	-0.0711325543	0.2104238261	0.518481	0.010000	0.500000	6.119112	8.232492	0	30	3	3	66116306	-0.788787	0	nan	0.990497
1:93847416:93847816	1:93843431:ACAAAAC	1	93843431	ACAAAAC	A	0.787234	0.012359	1.000000	-0.6560930133	4.5417985779	0.408886	0.010000	0.500000	7.696077	8.367114	0	25	5	5	93843431	1.295237	0	nan	0.987936
1:161523705:161524105	rs378385	1	161524053	T	G	0.797872	0.953806	1.000000	-0.0216086284	1.9661672852	0.442784	0.010000	0.500000	6.965275	8.318925	0	20	4	4	161524053	0.018435	0	nan	0.989201
2:27050679:27051079	rs76527790	2	27055853	G	A	0.914894	1.526737	1.000000	-0.0209196483	1.0678640243	0.444629	0.010000	0.500000	7.003977	8.347412	0	41	4	3	27055853	-0.151043	0	nan	0.978523
20:29885508:29885908	rs2223524	20	29883687	T	C	0.872340	1.006544	1.000000	-0.3142845719	2.4895345107	0.590474	0.010000	0.500000	5.841766	8.127533	0	28	4	3	29889996	0.753152	0	nan	0.979228
16:14285740:14286140	rs2301215	16	14289154	C	T	0.680851	0.020399	1.000000	-0.3172389834	1.7049930849	0.552321	0.010000	0.500000	6.226161	8.217484	0	11	3	4	14289154	-0.051712	0	nan	0.991018
KI270518.1:1020:1420	SKIPPED		-1	N	N	-1.0	-1.0	-1.0	0.0	0.0	-1.0	-1.0	-1.0	-1.0	-1.0	0	0	-1	-1	-1	0.0	0	-1.0	-1.0
1:2655704:2656104	SKIPPED		-1	N	N	-1.0	-1.0	-1.0	0.0	0.0	-1.0	-1.0	-1.0	-1.0	-1.0	0	0	-1	-1	-1	0.0	0	-1.0	-1.0
20:29891539:29891939	rs4142627	20	29892738	A	G	0.872340	1.006544	1.000000	-0.4551368169	2.4895345107	0.590474	0.010000	0.500000	5.841766	8.127533	0	19	4	4	29889996	0.753152	0	nan	0.979228
1:248873868:248874268	rs63749176	1	248871465	A	C	0.840426	0.045821	1.000000	-0.2018246359	0.6375349324	0.461692	0.010000	0.500000	6.643207	8.303392	0	33	3	3	248871465	-0.454035	0	nan	0.984737
17:8221870:8222270	rs1045172	17	8225768	G	A	0.797872	0.005208	1.000000	-0.0432862178	1.9196796086	0.440644	0.010000	0.500000	6.978854	8.322275	0	23	4	4	8225787	0.042177	0	nan	0.987804
1:144883093:144883493	SKIPPED		-1	N	N	-1.0	-1.0	-1.0	0.0	0.0	-1.0	-1.0	-1.0	-1.0	-1.0	0	0	-1	-1	-1	0.0	0	-1.0	-1.0
5:140726010:140726410	rs11575947	5	140723835	T	C	0.925532	0.304267	1.000000	-0.8762955296	7.1765196742	0.343429	0.010000	0.500000	10.122378	8.565930	0	18	5	2	140723835	2.792841	0	nan	0.969084
1:146035529:146035929	SKIPPED		-1	N	N	-1.0	-1.0	-1.0	0.0	0.0	-1.0	-1.0	-1.0	-1.0	-1.0	0	0	-1	-1	-1	0.0	0	-1.0	-1.0
17:82494552:82494952	SKIPPED		-1	N	N	-1.0	-1.0	-1.0	0.0	0.0	-1.0	-1.0	-1.0	-1.0	-1.0	0	0	-1	-1	-1	0.0	0	-1.0	-1.0
5:140711121:140711521	rs76571170	5	140710810	A	G	0.936170	0.218492	1.000000	-0.1842420992	2.1392333811	0.593582	0.010000	0.500000	5.659018	8.107132	0	14	4	4	140710810	0.698805	0	nan	0.964924
8:123157056:123157456	rs12542596	8	123156649	A	G	0.904255	0.919481	1.000000	-0.1358335848	0.2980056018	0.529996	0.010000	0.500000	5.970803	8.203975	0	5	3	3	123156649	-0.419523	0	nan	0.979979
11:59550602:59551002	rs572072	11	59555985	G	C	0.851064	0.002398	1.000000	-0.2455708065	3.1681048298	0.408867	0.010000	0.500000	7.674350	8.399913	0	24	5	3	59555985	0.798028	0	nan	0.984249
16:87383869:87384269	rs8059409	16	87381066	T	C	0.723404	0.086848	1.000000	-0.0139156780	3.0672347976	0.429204	0.010000	0.500000	7.110657	8.321412	0	27	4	4	87381066	0.548115	0	nan	0.990457
1:153671104:153671504	rs55918504	1	153667900	TA	T	0.712766	0.639419	1.000000	-0.5734591843	5.3309514832	0.588120	0.010000	0.500000	6.536122	8.184377	0	21	4	3	153667900	1.687058	0	nan	0.991283
17:49192305:49192705	rs4793682	17	49190749	C	A	0.574468	0.085264	1.000000	-0.2952616102	1.7410469773	0.549881	0.010000	0.500000	6.372991	8.236206	0	15	3	2	49190749	-0.111190	0	nan	0.992175
2:156400763:156401163	rs7590040	2	156399233	A	G	0.670213	4.217015	1.000000	-0.6326017927	4.5308563773	0.601227	0.010000	0.500000	6.489696	8.184771	0	28	4	3	156399233	1.528415	0	nan	0.987168
GL000214.1:136471:136871	SKIPPED		-1	N	N	-1.0	-1.0	-1.0	0.0	0.0	-1.0	-1.0	-1.0	-1.0	-1.0	0	0	-1	-1	-1	0.0	0	-1.0	-1.0
19:1021347:1021747	rs8102732	19	1023867	C	G	0.500000	1.042553	1.000000	-0.0480494723	2.8927774138	0.433011	0.010000	0.500000	6.635022	8.253581	0	49	4	3	1023867	0.482600	0	nan	0.990638
14:20625230:20625630	rs369097102	14	20621303	G	T	0.893617	0.666100	1.000000	-0.1395192862	3.4214491671	0.392477	0.010000	0.500000	8.122438	8.449649	0	14	5	3	20621303	1.028690	0	nan	0.976471
KI270442.1:247885:248285	SKIPPED		-1	N	N	-1.0	-1.0	-1.0	0.0	0.0	-1.0	-1.0	-1.0	-1.0	-1.0	0	0	-1	-1	-1	0.0	0	-1.0	-1.0
10:67764328:67764728	10:67765767:CT	10	67765767	C	CT	0.712766	2.286475	1.000000	-0.5597750509	6.8740377678	0.407924	0.010000	0.500000	7.860390	8.339454	0	34	5	4	67765767	2.250031	0	nan	0.992020
13:44917772:44918172	rs2773274	13	44919065	A	G	0.904255	0.526920	1.000000	-0.1983551465	1.6576392698	0.426199	0.010000	0.500000	7.331808	8.377922	0	16	4	3	44919065	0.181465	0	nan	0.974581
KI270538.1:72397:72797	SKIPPED		-1	N	N	-1.0	-1.0	-1.0	0.0	0.0	-1.0	-1.0	-1.0	-1.0	-1.0	0	0	-1	-1	-1	0.0	0	-1.0	-1.0
KI270507.1:569:969	SKIPPED		-1	N	N	-1.0	-1.0	-1.0	0.0	0.0	-1.0	-1.0	-1.0	-1.0	-1.0	0	0	-1	-1	-1	0.0	0	-1.0	-1.0
GL000224.1:162039:162439	SKIPPED		-1	N	N	-1.0	-1.0	-1.0	0.0	0.0	-1.0	-1.0	-1.0	-1.0	-1.0	0	0	-1	-1	-1	0.0	0	-1.0	-1.0
KI270757.1:59854:60254	SKIPPED		-1	N	N	-1.0	-1.0	-1.0	0.0	0.0	-1.0	-1.0	-1.0	-1.0	-1.0	0	0	-1	-1	-1	0.0	0	-1.0	-1.0
KI270757.1:15285:15685	SKIPPED		-1	N	N	-1.0	-1.0	-1.0	0.0	0.0	-1.0	-1.0	-1.0	-1.0	-1.0	0	0	-1	-1	-1	0.0	0	-1.0	-1.0
14:20681529:20681929	rs34974699	14	20682907	AT	A	0.819149	2.290943	1.000000	-0.5981525644	4.5105260033	0.615182	0.010000	0.500000	6.074440	8.116762	0	85	4	2	20682907	1.701018	0	nan	0.982846
17:75034542:75034942	rs4789409	17	75035828	A	G	0.691489	0.104774	1.000000	-0.4695165510	6.1196649086	0.596427	0.010000	0.500000	6.661490	8.191329	0	42	4	3	75035828	2.096656	0	nan	0.990203
KI270712.1:29741:30141	SKIPPED		-1	N	N	-1.0	-1.0	-1.0	0.0	0.0	-1.0	-1.0	-1.0	-1.0	-1.0	0	0	-1	-1	-1	0.0	0	-1.0	-1.0
1:161399545:161399945	rs112437409	1	161404131	A	G	0.925532	0.304267	1.000000	-0.1033245551	1.2018070985	0.428594	0.010000	0.500000	7.272875	8.384541	0	21	4	4	161404131	0.097301	0	nan	0.969084


GL000194.1:190104:190504	SKIPPED		-1	N	N	-1.0	-1.0	-1.0	0.0	0.0	-1.0	-1.0	-1.0	-1.0	-1.0	0	0	-1	-1	-1	0.0	0	-1.0	-1.0
KI270733.1:129889:130289	SKIPPED		-1	N	N	-1.0	-1.0	-1.0	0.0	0.0	-1.0	-1.0	-1.0	-1.0	-1.0	0	0	-1	-1	-1	0.0	0	-1.0	-1.0
GL000225.1:92720:93120	SKIPPED		-1	N	N	-1.0	-1.0	-1.0	0.0	0.0	-1.0	-1.0	-1.0	-1.0	-1.0	0	0	-1	-1	-1	0.0	0	-1.0	-1.0
6:28729121:28729521	rs5875169	6	28724625	C	CA	0.872340	1.006544	1.000000	-0.1040529728	2.3304549941	0.418523	0.010000	0.500000	7.465349	8.383334	0	43	4	4	28724625	0.432741	0	nan	0.979228

17:19507996:19508396	rs142934976	17	19508296	TC	T	0.702128	0.666100	1.000000	-0.3443675329	2.0831531789	0.562663	0.010000	0.500000	6.208761	8.207304	0	21	3	3	19508296	0.224855	0	nan	0.989201
15:65868927:65869327	rs12333	15	65869272	T	C	0.723404	1.353243	1.000000	-0.4647936446	2.8493340021	0.428822	0.010000	0.500000	7.073255	8.322219	0	26	4	4	65869272	0.484643	0	nan	0.988034
14:49586445:49586845	rs10142984	14	49582401	T	G	0.659574	0.129146	1.000000	-0.2252923095	2.0755839963	0.553608	0.010000	0.500000	6.297929	8.220590	0	18	3	4	49582401	0.049884	0	nan	0.991565
GL000225.1:10739:11139	SKIPPED		-1	N	N	-1.0	-1.0	-1.0	0.0	0.0	-1.0	-1.0	-1.0	-1.0	-1.0	0	0	-1	-1	-1	0.0	0	-1.0	-1.0
GL000225.1:99187:99587	SKIPPED		-1	N	N	-1.0	-1.0	-1.0	0.0	0.0	-1.0	-1.0	-1.0	-1.0	-1.0	0	0	-1	-1	-1	0.0	0	-1.0	-1.0
14:20630937:20631337	14:20629459:T	14	20629459	T	TAAAAAAA	0.553191	2.385189	1.000000	-0.1878605408	2.0322333842	0.451764	0.010000	0.500000	6.561706	8.267281	0	17	4	3	20629459	-0.095666	0	nan	0.993409
11:62841423:62841823	rs74669239	11	62838184	G	A	0.936170	3.895087	1.000000	-0.0081865374	1.9138937458	0.577832	0.010000	0.500000	5.745939	8.130035	0	52	4	2	62838184	0.439326	0	nan	0.974434
1:145281047:145281447	SKIPPED		-1	N	N	-1.0	-1.0	-1.0	0.0	0.0	-1.0	-1.0	-1.0	-1.0	-1.0	0	0	-1	-1	-1	0.0	0	-1.0	-1.0
14:20613375:20613775	rs4605083	14	20615134	A	T	0.542553	1.618860	1.000000	-0.1794273733	0.7450835463	0.469904	0.010000	0.500000	6.342927	8.259018	0	13	3	2	20616448	-0.689222	0	nan	0.993217
1:146037601:146038001	SKIPPED		-1	N	N	-1.0	-1.0	-1.0	0.0	0.0	-1.0	-1.0	-1.0	-1.0	-1.0	0	0	-1	-1	-1	0.0	0	-1.0	-1.0
1:204506568:204506968	rs11268668	1	204502514	T	TTCTGAAACAGGG	0.734043	0.254758	1.000000	-0.6280695834	3.4368054250	0.426436	0.010000	0.500000	7.208100	8.331515	0	15	4	4	204502514	0.708305	0	nan	0.990497
1:146376819:146377219	SKIPPED		-1	N	N	-1.0	-1.0	-1.0	0.0	0.0	-1.0	-1.0	-1.0	-1.0	-1.0	0	0	-1	-1	-1	0.0	0	-1.0	-1.0
6:125780097:125780497	rs17798573	6	125775579	A	T	0.936170	3.895087	1.000000	-1.1829844619	5.7327006834	0.631977	0.010000	0.500000	5.841343	8.051542	0	12	4	4	125775579	2.328477	0	nan	0.974434
1:44730739:44731139	rs10631735	1	44730823	G	GGAGA	0.670213	0.343658	1.000000	-1.1108331802	7.5624513876	0.401388	0.010000	0.500000	7.895488	8.326845	0	13	5	4	44730823	2.611960	0	nan	0.991691

KI270733.1:161642:162042	SKIPPED		-1	N	N	-1.0	-1.0	-1.0	0.0	0.0	-1.0	-1.0	-1.0	-1.0	-1.0	0	0	-1	-1	-1	0.0	0	-1.0	-1.0
15:45200347:45200747	rs2899129	15	45200513	T	C	0.925532	0.304267	1.000000	-0.2095941894	4.1196230144	0.629117	0.010000	0.500000	5.692834	8.057625	0	31	4	4	45200513	1.689740	0	nan	0.969084
KI270519.1:44062:44462	SKIPPED		-1	N	N	-1.0	-1.0	-1.0	0.0	0.0	-1.0	-1.0	-1.0	-1.0	-1.0	0	0	-1	-1	-1	0.0	0	-1.0	-1.0
14:20609952:20610352	rs4605083	14	20615134	A	T	0.542553	1.618860	1.000000	-0.0219783406	0.7450835463	0.469904	0.010000	0.500000	6.342927	8.259018	0	18	3	2	20615151	-0.689222	0	nan	0.993217
1:146039227:146039627	SKIPPED		-1	N	N	-1.0	-1.0	-1.0	0.0	0.0	-1.0	-1.0	-1.0	-1.0	-1.0	0	0	-1	-1	-1	0.0	0	-1.0	-1.0
2:70248762:70249162	rs139251246	2	70250805	CA	C	0.914894	0.406706	1.000000	-0.2367048027	1.5559810839	0.426207	0.010000	0.500000	7.341354	8.381093	0	16	4	4	70250805	0.163479	0	nan	0.972188
6:28953098:28953498	rs9468458	6	28957583	A	G	0.851064	0.002398	1.000000	-0.3737302008	2.7331897586	0.421647	0.010000	0.500000	7.430354	8.371304	0	26	4	4	28957583	0.518095	0	nan	0.984249
17:75588250:75588650	rs2898652	17	75583410	G	T	0.553191	4.556280	1.000000	-0.1466719369	3.0382421616	0.559003	0.010000	0.500000	6.567559	8.243867	0	24	4	4	75583410	0.408343	0	nan	0.993840
6:27478776:27479176	rs34573979	6	27480526	T	C	0.904255	0.526920	1.000000	-0.5765748426	2.9325822239	0.603237	0.010000	0.500000	5.753543	8.102027	0	29	4	4	27480526	1.033758	0	nan	0.974581
17:8119945:8120345	17:8120914:A	17	8120914	AT	A	0.819149	0.207614	1.000000	-0.4610299482	4.3575514658	0.411879	0.010000	0.500000	7.728882	8.371951	0	32	5	3	8120914	1.187672	0	nan	0.987423
KI270712.1:5890:6290	SKIPPED		-1	N	N	-1.0	-1.0	-1.0	0.0	0.0	-1.0	-1.0	-1.0	-1.0	-1.0	0	0	-1	-1	-1	0.0	0	-1.0	-1.0
GL000214.1:125281:125681	SKIPPED		-1	N	N	-1.0	-1.0	-1.0	0.0	0.0	-1.0	-1.0	-1.0	-1.0	-1.0	0	0	-1	-1	-1	0.0	0	-1.0	-1.0
1:148522554:148522954	SKIPPED		-1	N	N	-1.0	-1.0	-1.0	0.0	0.0	-1.0	-1.0	-1.0	-1.0	-1.0	0	0	-1	-1	-1	0.0	0	-1.0	-1.0
17:39154237:39154637	rs147292354	17	39157284	A	T	0.946809	0.148340	1.000000	-0.1412023130	2.6276191056	0.610194	0.010000	0.500000	5.586039	8.076012	0	98	4	4	39157284	1.005125	0	nan	0.959096
2:231786235:231786635	rs1344926	2	231785205	A	T	0.936170	3.895087	1.000000	-0.3121622651	4.0949398538	0.358367	0.010000	0.500000	9.192016	8.554722	0	21	4	4	231785205	1.525959	0	nan	0.974434
1:11908251:11908651	rs55714388	1	11910462	C	A	0.904255	0.919481	1.000000	-0.0296635734	0.5670487103	0.543707	0.010000	0.500000	5.891828	8.182298	0	32	3	3	11910462	-0.221340	0	nan	0.979979
GL000195.1:48216:48616	SKIPPED		-1	N	N	-1.0	-1.0	-1.0	0.0	0.0	-1.0	-1.0	-1.0	-1.0	-1.0	0	0	-1	-1	-1	0.0	0	-1.0	-1.0
KI270733.1:166463:166863	SKIPPED		-1	N	N	-1.0	-1.0	-1.0	0.0	0.0	-1.0	-1.0	-1.0	-1.0	-1.0	0	0	-1	-1	-1	0.0	0	-1.0	-1.0
17:8173240:8173640	rs1132554	17	8173767	C	T	0.574468	0.092840	1.000000	-0.1382702702	0.7673478050	0.532546	0.010000	0.500000	6.255479	8.245240	0	17	3	3	8173767	-0.603905	0	nan	0.991467
KI270757.1:33139:33539	SKIPPED		-1	N	N	-1.0	-1.0	-1.0	0.0	0.0	-1.0	-1.0	-1.0	-1.0	-1.0	0	0	-1	-1	-1	0.0	0	-1.0	-1.0
GL000225.1:45935:46335	SKIPPED		-1	N	N	-1.0	-1.0	-1.0	0.0	0.0	-1.0	-1.0	-1.0	-1.0	-1.0	0	0	-1	-1	-1	0.0	0	-1.0	-1.0
17:68019747:68020147	rs142464	17	68024377	A	C	0.787234	6.256939	1.000000	-0.0090082367	1.8178702919	0.551175	0.010000	0.500000	6.116387	8.200785	0	13	3	3	68024377	-0.040603	0	nan	0.991283

6:144216361:144216761	rs200482247	6	144221527	CA	C	0.851064	0.002398	1.000000	-0.3333255596	0.8473331211	0.547893	0.010000	0.500000	5.946880	8.186230	0	8	3	3	144221527	-0.190597	0	nan	0.984249
16:22296997:22297397	rs10540234	16	22294629	CA	C	0.744681	2.206389	1.000000	-0.0469439958	2.1384923368	0.444270	0.010000	0.500000	6.888910	8.311033	0	7	4	4	22294629	0.045318	0	nan	0.991384
1:16727442:16727842	rs41307763	1	16725330	A	G	0.819149	0.279809	1.000000	-0.0086006693	1.1016238331	0.450687	0.010000	0.500000	6.792821	8.316257	0	39	4	2	16725330	-0.256661	0	nan	0.985487
8:95269477:95269877	rs2445712	8	95265889	T	A	0.542553	0.468715	1.000000	-0.0572972323	0.7534796507	0.532165	0.010000	0.500000	6.280861	8.246786	0	23	3	3	95265889	-0.617333	0	nan	0.992692
GL000214.1:120797:121197	SKIPPED		-1	N	N	-1.0	-1.0	-1.0	0.0	0.0	-1.0	-1.0	-1.0	-1.0	-1.0	0	0	-1	-1	-1	0.0	0	-1.0	-1.0
11:59560369:59560769	rs572072	11	59555985	G	C	0.851064	0.002398	1.000000	-0.2640542122	3.1681048298	0.408867	0.010000	0.500000	7.674350	8.399913	0	15	5	3	59555985	0.798028	0	nan	0.984249
GL000225.1:81059:81459	SKIPPED		-1	N	N	-1.0	-1.0	-1.0	0.0	0.0	-1.0	-1.0	-1.0	-1.0	-1.0	0	0	-1	-1	-1	0.0	0	-1.0	-1.0
KI270591.1:5033:5433	SKIPPED		-1	N	N	-1.0	-1.0	-1.0	0.0	0.0	-1.0	-1.0	-1.0	-1.0	-1.0	0	0	-1	-1	-1	0.0	0	-1.0	-1.0
17:8226367:8226767	rs3744650	17	8230449	T	G	0.638298	0.289120	1.000000	-0.1794631199	1.9424749054	0.553278	0.010000	0.500000	6.313041	8.221820	0	22	3	3	8230449	0.007945	0	nan	0.991992
KI270757.1:22495:22895	SKIPPED		-1	N	N	-1.0	-1.0	-1.0	0.0	0.0	-1.0	-1.0	-1.0	-1.0	-1.0	0	0	-1	-1	-1	0.0	0	-1.0	-1.0
1:167714629:167715029	rs6427106	1	167713516	G	A	0.702128	1.628586	1.000000	-0.0125944688	2.9062115782	0.436461	0.010000	0.500000	6.991721	8.303755	0	23	4	4	167713516	0.395333	0	nan	0.991962
11:65507092:65507492	rs620088	11	65508986	A	G	0.563830	3.043888	1.000000	-0.1538093207	1.5030395918	0.553028	0.010000	0.500000	6.347371	8.240793	0	25	3	2	65508986	-0.089026	0	nan	0.989148
4:184474540:184474940	rs74715528	4	184475484	TAA	T	0.712766	4.203541	1.000000	-0.2318959411	5.4783132917	0.397310	0.010000	0.500000	7.728080	8.348050	0	61	5	3	184475484	1.782517	0	nan	0.986166
KI270736.1:172875:173275	SKIPPED		-1	N	N	-1.0	-1.0	-1.0	0.0	0.0	-1.0	-1.0	-1.0	-1.0	-1.0	0	0	-1	-1	-1	0.0	0	-1.0	-1.0
6:52995576:52995976	rs2518574	6	52997707	T	G	0.659574	1.018076	1.000000	-1.4542599048	7.6916679711	0.597411	0.010000	0.500000	6.961316	8.204781	0	19	4	3	52998856	2.745502	0	nan	0.992257
21:10627334:10627734	SKIPPED		-1	N	N	-1.0	-1.0	-1.0	0.0	0.0	-1.0	-1.0	-1.0	-1.0	-1.0	0	0	-1	-1	-1	0.0	0	-1.0	-1.0
13:30673832:30674232	rs9508634	13	30674652	C	T	0.882979	0.825519	1.000000	-0.0257595979	2.6592549270	0.407941	0.010000	0.500000	7.700875	8.413021	0	52	5	2	30675481	0.643234	0	nan	0.977990
GL000194.1:2548:2948	SKIPPED		-1	N	N	-1.0	-1.0	-1.0	0.0	0.0	-1.0	-1.0	-1.0	-1.0	-1.0	0	0	-1	-1	-1	0.0	0	-1.0	-1.0
GL000216.2:166598:166998	SKIPPED		-1	N	N	-1.0	-1.0	-1.0	0.0	0.0	-1.0	-1.0	-1.0	-1.0	-1.0	0	0	-1	-1	-1	0.0	0	-1.0	-1.0
16:57300187:57300587	rs1833991	16	57296460	G	A	0.872340	1.006544	1.000000	-0.3368627763	4.9808765701	0.627651	0.010000	0.500000	5.937430	8.082919	0	21	4	4	57296460	2.003230	0	nan	0.979228
1:16896020:16896420	rs663405	1	16893335	T	C	0.574468	14.993741	1.000000	-0.0558940932	0.4786616532	0.478628	0.010000	0.500000	6.314664	8.256985	0	2	3	3	16893335	-0.942742	0	nan	0.994776
KI270303.1:961:1361	SKIPPED		-1	N	N	-1.0	-1.0	-1.0	0.0	0.0	-1.0	-1.0	-1.0	-1.0	-1.0	0	0	-1	-1	-1	0.0	0	-1.0	-1.0

KI270733.1:119117:119517	SKIPPED		-1	N	N	-1.0	-1.0	-1.0	0.0	0.0	-1.0	-1.0	-1.0	-1.0	-1.0	0	0	-1	-1	-1	0.0	0	-1.0	-1.0
6:28212863:28213263	rs138887541	6	28216427	AGAAACCTGTC	A	0.893617	0.666100	1.000000	-0.0272112088	1.2744615762	0.566817	0.010000	0.500000	5.813604	8.153806	0	20	4	3	28216427	0.170261	0	nan	0.976471
1:36088722:36089122	rs574384	1	36087661	C	A	0.925532	0.304267	1.000000	-1.4375172328	4.3728456013	0.373075	0.010000	0.500000	8.830198	8.498293	0	1	4	4	36087661	1.504123	0	nan	0.969084
14:102316913:102317313	rs35999659	14	102318982	A	AT	0.851064	1.439375	1.000000	-0.3495043160	3.3960976814	0.406219	0.010000	0.500000	7.742056	8.397922	0	34	5	3	102318982	0.895372	0	nan	0.981089
KI270438.1:11746:12146	SKIPPED		-1	N	N	-1.0	-1.0	-1.0	0.0	0.0	-1.0	-1.0	-1.0	-1.0	-1.0	0	0	-1	-1	-1	0.0	0	-1.0	-1.0
12:120291623:120292023	rs201146869	12	120291128	C	CA	0.893617	0.515828	1.000000	-0.0291709683	0.4091322522	0.459961	0.010000	0.500000	6.682579	8.323315	0	9	4	2	120291128	-0.292916	0	nan	0.981170
1:2683992:2684392	rs376019577	1	2686604	C	G	0.893617	5.074082	1.000000	-0.2792902773	1.2048933486	0.554849	0.010000	0.500000	5.893112	8.169823	0	3	4	3	2686604	-0.051747	0	nan	0.984304
3:45688865:45689265	rs13094441	3	45688319	A	T	0.797872	0.692724	1.000000	-0.6899723271	3.9225138326	0.593727	0.010000	0.500000	6.144058	8.150775	0	30	4	4	45688319	1.248257	0	nan	0.985991
6:132814071:132814471	rs2788933	6	132809436	A	C	0.776596	0.084497	1.000000	-0.6924707615	3.7189691789	0.590415	0.010000	0.500000	6.180139	8.162779	0	15	4	4	132809436	1.133570	0	nan	0.988034
KI270736.1:157637:158037	SKIPPED		-1	N	N	-1.0	-1.0	-1.0	0.0	0.0	-1.0	-1.0	-1.0	-1.0	-1.0	0	0	-1	-1	-1	0.0	0	-1.0	-1.0
KI270723.1:36731:37131	SKIPPED		-1	N	N	-1.0	-1.0	-1.0	0.0	0.0	-1.0	-1.0	-1.0	-1.0	-1.0	0	0	-1	-1	-1	0.0	0	-1.0	-1.0
KI270588.1:2549:2949	SKIPPED		-1	N	N	-1.0	-1.0	-1.0	0.0	0.0	-1.0	-1.0	-1.0	-1.0	-1.0	0	0	-1	-1	-1	0.0	0	-1.0	-1.0
KI270304.1:816:1216	SKIPPED		-1	N	N	-1.0	-1.0	-1.0	0.0	0.0	-1.0	-1.0	-1.0	-1.0	-1.0	0	0	-1	-1	-1	0.0	0	-1.0	-1.0
21:9838929:9839329	SKIPPED		-1	N	N	-1.0	-1.0	-1.0	0.0	0.0	-1.0	-1.0	-1.0	-1.0	-1.0	0	0	-1	-1	-1	0.0	0	-1.0	-1.0
KI270729.1:25379:25779	SKIPPED		-1	N	N	-1.0	-1.0	-1.0	0.0	0.0	-1.0	-1.0	-1.0	-1.0	-1.0	0	0	-1	-1	-1	0.0	0	-1.0	-1.0

6:28896065:28896465	rs113152663	6	28896528	T	C	0.882979	0.825519	1.000000	-0.3717252520	2.0644753543	0.420413	0.010000	0.500000	7.424992	8.385315	0	31	4	4	28891522	0.342989	0	nan	0.977990
1:44721546:44721946	rs1738045	1	44721739	A	G	0.712766	0.391011	1.000000	-1.6824772608	9.2500628670	0.625438	0.010000	0.500000	6.968583	8.161400	0	12	4	3	44721739	3.703978	0	nan	0.989305
16:33338522:33338922	SKIPPED	16	-1	N	N	-1.0	-1.0	-1.0	0.0	0.0	-1.0	-1.0	-1.0	-1.0	-1.0	0	0	-1	-1	-1	0.0	0	-1.0	-1.0
16:3152761:3153161	rs117190698	16	3147817	C	G	0.936170	19.488923	1.000000	-0.1801007101	4.6279951676	0.610216	0.010000	0.500000	5.846499	8.082983	0	21	4	4	3147817	1.693702	0	nan	0.979888
KI270732.1:30359:30759	SKIPPED		-1	N	N	-1.0	-1.0	-1.0	0.0	0.0	-1.0	-1.0	-1.0	-1.0	-1.0	0	0	-1	-1	-1	0.0	0	-1.0	-1.0
1:149886789:149887189	1:149891708:A	1	149891708	G	A	0.819149	0.207614	1.000000	-0.1170219449	0.7273156790	0.461595	0.010000	0.500000	6.634147	8.301550	0	12	3	2	149891708	-0.470989	0	nan	0.987423
KI270754.1:35644:36044	SKIPPED		-1	N	N	-1.0	-1.0	-1.0	0.0	0.0	-1.0	-1.0	-1.0	-1.0	-1.0	0	0	-1	-1	-1	0.0	0	-1.0	-1.0
KI270744.1:125128:125528	SKIPPED		-1	N	N	-1.0	-1.0	-1.0	0.0	0.0	-1.0	-1.0	-1.0	-1.0	-1.0	0	0	-1	-1	-1	0.0	0	-1.0	-1.0
10:22229342:22229742	rs11411342	10	22233099	G	GT	0.723404	0.086848	1.000000	-0.5525064514	1.7260431137	0.447678	0.010000	0.500000	6.772507	8.300773	0	6	4	2	22233099	-0.108269	0	nan	0.990457
15:65304630:65305030	rs138803026	15	65301279	T	TATC	0.946809	0.148340	1.000000	-0.0143518320	2.5055020936	0.606052	0.010000	0.500000	5.597589	8.083652	0	13	4	3	65301279	0.931285	0	nan	0.959096

14:22929536:22929936	rs1882704	14	22925352	G	A	0.723404	1.047952	1.000000	-0.1545791113	1.3365996053	0.547336	0.010000	0.500000	6.153939	8.207973	0	26	3	3	22925352	-0.210345	0	nan	0.991334
1:148038544:148038944	SKIPPED		-1	N	N	-1.0	-1.0	-1.0	0.0	0.0	-1.0	-1.0	-1.0	-1.0	-1.0	0	0	-1	-1	-1	0.0	0	-1.0	-1.0
17:8125570:8125970	17:8120914:A	17	8120914	AT	A	0.819149	0.207614	1.000000	-0.4285296885	4.3575514658	0.411879	0.010000	0.500000	7.728882	8.371951	0	18	5	3	8120914	1.187672	0	nan	0.987423
KI270733.1:155406:155806	SKIPPED		-1	N	N	-1.0	-1.0	-1.0	0.0	0.0	-1.0	-1.0	-1.0	-1.0	-1.0	0	0	-1	-1	-1	0.0	0	-1.0	-1.0
1:161612518:161612918	rs11424142	1	161611075	C	CT	0.670213	1.552924	1.000000	-0.0877342492	1.8734362111	0.449788	0.010000	0.500000	6.707691	8.283837	0	48	4	3	161611075	-0.111793	0	nan	0.992364
KI270732.1:2117:2517	SKIPPED		-1	N	N	-1.0	-1.0	-1.0	0.0	0.0	-1.0	-1.0	-1.0	-1.0	-1.0	0	0	-1	-1	-1	0.0	0	-1.0	-1.0
16:636573:636973	rs118179670	16	634547	A	G	0.946809	0.148340	1.000000	-0.1713686402	1.9999104375	0.596306	0.010000	0.500000	5.605954	8.096568	0	48	4	2	634547	0.688956	0	nan	0.959096
17:58631500:58631900	rs376045282	17	58633050	C	CT	0.925532	13.550608	1.000000	-0.0046880038	0.3473434689	0.529577	0.010000	0.500000	5.964630	8.204532	0	4	3	2	58633050	-0.486107	0	nan	0.981328
9:35657725:35658125	rs3750430	9	35658163	T	A	0.893617	0.666100	1.000000	-0.0931996606	3.1014692144	0.604281	0.010000	0.500000	5.789012	8.103826	0	46	4	3	35658163	1.098834	0	nan	0.976471
KI270754.1:39140:39540	SKIPPED		-1	N	N	-1.0	-1.0	-1.0	0.0	0.0	-1.0	-1.0	-1.0	-1.0	-1.0	0	0	-1	-1	-1	0.0	0	-1.0	-1.0
6:28863529:28863929	rs6936343	6	28862627	T	C	0.851064	0.002398	1.000000	-0.1210785622	2.7331897586	0.421647	0.010000	0.500000	7.430354	8.371304	0	40	4	3	28862627	0.518095	0	nan	0.984249
KI270719.1:174474:174874	SKIPPED		-1	N	N	-1.0	-1.0	-1.0	0.0	0.0	-1.0	-1.0	-1.0	-1.0	-1.0	0	0	-1	-1	-1	0.0	0	-1.0	-1.0
GL000009.2:200658:201058	SKIPPED		-1	N	N	-1.0	-1.0	-1.0	0.0	0.0	-1.0	-1.0	-1.0	-1.0	-1.0	0	0	-1	-1	-1	0.0	0	-1.0	-1.0
1:146051912:146052312	SKIPPED		-1	N	N	-1.0	-1.0	-1.0	0.0	0.0	-1.0	-1.0	-1.0	-1.0	-1.0	0	0	-1	-1	-1	0.0	0	-1.0	-1.0

KI270712.1:57269:57669	SKIPPED		-1	N	N	-1.0	-1.0	-1.0	0.0	0.0	-1.0	-1.0	-1.0	-1.0	-1.0	0	0	-1	-1	-1	0.0	0	-1.0	-1.0
KI270311.1:561:961	SKIPPED		-1	N	N	-1.0	-1.0	-1.0	0.0	0.0	-1.0	-1.0	-1.0	-1.0	-1.0	0	0	-1	-1	-1	0.0	0	-1.0	-1.0
11:76235553:76235953	rs1939469	11	76236220	G	A	0.819149	2.290943	1.000000	-0.1203529535	0.5089068916	0.463855	0.010000	0.500000	6.581261	8.298705	0	15	3	3	76239148	-0.458757	0	nan	0.982846


1:161621525:161621925	rs370143919	1	161625798	G	A	0.797872	0.953806	1.000000	-0.3406550195	4.1169422165	0.584224	0.010000	0.500000	6.221799	8.160127	0	43	4	3	161626082	1.194349	0	nan	0.989201
15:45198449:45198849	rs2899129	15	45200513	T	C	0.925532	0.304267	1.000000	-0.2357789810	4.1196230144	0.629117	0.010000	0.500000	5.692834	8.057625	0	27	4	3	45200513	1.689740	0	nan	0.969084
10:132364314:132364714	rs11017338	10	132369266	C	A	0.882979	0.253108	1.000000	-0.0642691578	2.0376837770	0.426044	0.010000	0.500000	7.342549	8.374795	0	31	4	3	132369266	0.270613	0	nan	0.982156
11:59566187:59566587	rs35269518	11	59567414	TTTA	T	0.904255	18.735671	1.000000	-0.3998136281	3.6256055097	0.409232	0.010000	0.500000	7.918030	8.411975	0	14	5	3	59567414	0.943408	0	nan	0.985947
6:392121:392521	rs6935510	6	391623	A	C	0.478723	9.340878	1.000000	-0.0135163951	0.4399748184	0.521252	0.010000	0.500000	6.279071	8.254474	0	7	3	2	391623	-0.920930	0	nan	0.994463
